# Bundle file v0.3
41 27795
5.3200000000e+02 0.0000000000e+00 0.0000000000e+00
-4.6293009447e-01 -2.1976570533e-01 8.5871925703e-01
5.2219440735e-01 7.1519851453e-01 4.6454718356e-01
-7.1624627648e-01 6.6347126507e-01 -2.1632649364e-01
-1.0175615792e+01 -4.1905592907e+00 -5.4233629716e+00
5.3200000000e+02 0.0000000000e+00 0.0000000000e+00
-2.4257007635e-01 -2.5758808905e-01 9.3531178462e-01
5.7496126788e-01 7.3836905737e-01 3.5246372233e-01
-7.8139573745e-01 6.2326520158e-01 -3.1003064348e-02
-1.0382629697e+01 -2.7321485979e+00 -7.4438583822e+00
5.3200000000e+02 0.0000000000e+00 0.0000000000e+00
1.8789663217e-02 -2.3056005008e-01 9.7287666837e-01
5.6012784874e-01 8.0844168016e-01 1.8077290405e-01
-8.2819305818e-01 5.4153865336e-01 1.4433345176e-01
-1.0122930641e+01 -1.2021919171e+00 -9.0501426571e+00
5.3200000000e+02 0.0000000000e+00 0.0000000000e+00
1.0574383232e-01 -2.0127765593e-01 9.7380981056e-01
4.9064519114e-01 8.6235242509e-01 1.2496235976e-01
-8.6491938257e-01 4.6458110182e-01 1.8994436421e-01
-9.9758860849e+00 -1.1769101206e+00 -9.3242616733e+00
5.3200000000e+02 0.0000000000e+00 0.0000000000e+00
2.7606973449e-01 -2.8049330127e-01 9.1929810706e-01
5.0323242614e-01 8.5707205962e-01 1.1038392049e-01
-8.1886667229e-01 4.3214695713e-01 3.7776498046e-01
-8.8234951918e+00 -8.1499392590e-01 -1.1251257188e+01
5.3200000000e+02 0.0000000000e+00 0.0000000000e+00
4.6879911350e-01 -2.7800176782e-01 8.3841660782e-01
4.6064622381e-01 8.8683358231e-01 3.6486350577e-02
-7.5367927374e-01 3.6910867557e-01 5.4380726177e-01
-7.4085896942e+00 -9.2186361010e-02 -1.2839836615e+01
5.3200000000e+02 0.0000000000e+00 0.0000000000e+00
5.9650222429e-01 -2.3323221055e-01 7.6797645301e-01
3.8664056628e-01 9.2200703185e-01 -2.0300387527e-02
-7.0334498571e-01 3.0904007700e-01 6.4015627927e-01
-6.3815277095e+00 1.9069577229e-01 -1.3652672196e+01
5.3200000000e+02 0.0000000000e+00 0.0000000000e+00
4.9715717416e-01 -2.7892720872e-01 8.2160474465e-01
3.8891753825e-01 9.1810325252e-01 7.6351595641e-02
-7.7561452580e-01 2.8157775117e-01 5.6492130197e-01
-7.1643175515e+00 -8.3150365524e-01 -1.2704875608e+01
5.3200000000e+02 0.0000000000e+00 0.0000000000e+00
6.5413362191e-01 -2.5156563061e-01 7.1331895964e-01
3.4143609775e-01 9.3972670323e-01 1.8306129746e-02
-6.7493006737e-01 2.3157818708e-01 7.0060041923e-01
-5.6134195701e+00 -4.3919817439e-01 -1.3858865102e+01
5.3200000000e+02 0.0000000000e+00 0.0000000000e+00
7.9327162942e-01 -1.8707482440e-01 5.7941619931e-01
2.5744151983e-01 9.6543415193e-01 -4.0752449618e-02
-5.5176442964e-01 1.8149354907e-01 8.1401234992e-01
-3.9625818718e+00 1.0711362548e-02 -1.4889027444e+01
5.3200000000e+02 0.0000000000e+00 0.0000000000e+00
8.8172275188e-01 -1.4758772772e-01 4.4808799521e-01
1.9710435400e-01 9.7818092613e-01 -6.5665435227e-02
-4.2861971777e-01 1.4621880308e-01 8.9157456175e-01
-2.4106204390e+00 1.4970131644e-01 -1.5594244769e+01
5.3200000000e+02 0.0000000000e+00 0.0000000000e+00
9.3674196299e-01 -1.6821398547e-01 3.0695040296e-01
1.9393757203e-01 9.7946588310e-01 -5.5089036975e-02
-2.9138070104e-01 1.1113342852e-01 9.5012980594e-01
-6.6640224838e-01 -1.4458552226e-03 -1.5544381299e+01
5.3200000000e+02 0.0000000000e+00 0.0000000000e+00
9.7184219938e-01 -1.1124018299e-01 2.0772183610e-01
1.2717743705e-01 9.8974961902e-01 -6.4973772884e-02
-1.9836491376e-01 8.9561785077e-02 9.7602768795e-01
3.4768418935e-01 -1.1222390160e-01 -1.5621949870e+01
5.3200000000e+02 0.0000000000e+00 0.0000000000e+00
9.9822137799e-01 -2.5630492110e-02 5.3825257945e-02
3.0186290637e-02 9.9587142169e-01 -8.5608990934e-02
-5.1408835586e-02 8.7081509778e-02 9.9487383234e-01
2.0619275352e+00 -1.6964577639e-01 -1.5654083471e+01
5.3200000000e+02 0.0000000000e+00 0.0000000000e+00
9.9967796883e-01 2.5372547281e-02 -4.3873356828e-04
-2.5333700139e-02 9.9684719243e-01 -7.5192277413e-02
-1.4704692881e-03 7.5179177900e-02 9.9716895706e-01
2.4025799686e+00 -4.4020010280e-01 -1.5517745159e+01
5.3200000000e+02 0.0000000000e+00 0.0000000000e+00
9.8521217661e-01 1.3144404361e-01 -1.0990646234e-01
-1.3483834912e-01 9.9057664151e-01 -2.4011182807e-02
1.0571464738e-01 3.8475715615e-02 9.9365186692e-01
3.2891619101e+00 -1.3227438272e+00 -1.5031041708e+01
5.3200000000e+02 0.0000000000e+00 0.0000000000e+00
9.8262008428e-01 3.1949851759e-02 -1.8285780523e-01
-5.0224171983e-02 9.9409453718e-01 -9.6195549255e-02
1.7870451172e-01 1.0370756057e-01 9.7842191276e-01
4.3517965680e+00 -2.6001829336e-01 -1.4540263379e+01
5.3200000000e+02 0.0000000000e+00 0.0000000000e+00
9.3416418921e-01 8.5492486646e-02 -3.4645100999e-01
-1.1754479088e-01 9.9041430835e-01 -7.2544606621e-02
3.3692801862e-01 1.0849208514e-01 9.3525877581e-01
6.0051089309e+00 -6.8048475893e-01 -1.3753312222e+01
5.3200000000e+02 0.0000000000e+00 0.0000000000e+00
8.6963210875e-01 2.2661575699e-01 -4.3861748040e-01
-2.4808904509e-01 9.6869897450e-01 8.6094424644e-03
4.2683933879e-01 1.0132914427e-01 8.9863261870e-01
6.4819772149e+00 -1.7671431344e+00 -1.3205291205e+01
5.3200000000e+02 0.0000000000e+00 0.0000000000e+00
7.7541979482e-01 2.8479541395e-01 -5.6357405370e-01
-2.7610535452e-01 9.5559191880e-01 1.0300445585e-01
5.6788200800e-01 7.5734119878e-02 8.1961842834e-01
7.4962781693e+00 -2.9908355927e+00 -1.2138470034e+01
0 0 0
0 0 0
0 0 0
0 0 0
0 0 0
0 0 0
0 0 0
0 0 0
0 0 0
0 0 0
5.3200000000e+02 0.0000000000e+00 0.0000000000e+00
2.4618383275e-01 3.3508302732e-01 -9.0945746756e-01
-4.7975398950e-01 8.5744950319e-01 1.8605498930e-01
8.4215772279e-01 3.9051211797e-01 3.7184762425e-01
9.7587661169e+00 -4.0729396868e+00 -6.4428650893e+00
0 0 0
0 0 0
0 0 0
0 0 0
0 0 0
5.3200000000e+02 0.0000000000e+00 0.0000000000e+00
9.1250758912e-02 3.6204197555e-01 -9.2768470233e-01
-4.3640263337e-01 8.5189271058e-01 2.8953678738e-01
8.9511230613e-01 3.7842359546e-01 2.3573192788e-01
9.1839506915e+00 -5.0933181111e+00 -5.1082519931e+00
5.3200000000e+02 0.0000000000e+00 0.0000000000e+00
1.5835572872e-02 3.0013597045e-01 -9.5376497832e-01
-4.0651038327e-01 8.7342391039e-01 2.6810442192e-01
9.1350891781e-01 3.8346977978e-01 1.3583955636e-01
9.5906860789e+00 -4.9367263138e+00 -4.2311808265e+00
5.3200000000e+02 0.0000000000e+00 0.0000000000e+00
-1.9393472826e-01 3.2094508676e-01 -9.2702943452e-01
-3.7321216215e-01 8.4977828694e-01 3.7227616775e-01
9.0724969176e-01 4.1817593706e-01 -4.5020911403e-02
8.8357316924e+00 -5.9174504675e+00 -2.7299563127e+00
5.3200000000e+02 0.0000000000e+00 0.0000000000e+00
-2.9073709346e-01 3.1387453114e-01 -9.0385547583e-01
-3.2235665854e-01 8.5730132194e-01 4.0139834092e-01
9.0086521033e-01 4.0806521795e-01 -1.4806974950e-01
8.3807613958e+00 -6.0162938483e+00 -1.5309193984e+00
5.3200000000e+02 0.0000000000e+00 0.0000000000e+00
-5.2485568905e-01 3.3681599571e-01 -7.8171701447e-01
-2.4932667456e-01 8.1726438060e-01 5.1953358078e-01
8.1385669195e-01 4.6758305919e-01 -3.4496864746e-01
6.4365945604e+00 -7.0296620858e+00 6.3520203439e-01
5.3200000000e+02 0.0000000000e+00 0.0000000000e+00
-6.0230229210e-01 3.0050363161e-01 -7.3954683173e-01
-2.4936563699e-01 8.0924884984e-01 5.3191454024e-01
7.5831967403e-01 5.0479091356e-01 -4.1247715763e-01
5.8231987186e+00 -7.1681578858e+00 9.3941076984e-01
5.3200000000e+02 0.0000000000e+00 0.0000000000e+00
-7.3613069929e-01 2.9956121598e-01 -6.0693877075e-01
-1.4644555404e-01 8.0499053217e-01 5.7492951117e-01
6.6080654753e-01 5.1210674765e-01 -5.4870883513e-01
3.8891289226e+00 -7.4443016505e+00 2.0563209074e+00
5.3200000000e+02 0.0000000000e+00 0.0000000000e+00
-8.1371414522e-01 2.5750519409e-01 -5.2111454104e-01
-9.3516481099e-02 8.2684302776e-01 5.5460371006e-01
5.7369326092e-01 5.0002168200e-01 -6.4873288795e-01
2.9573549685e+00 -7.0118533885e+00 3.0883634439e+00
5.3200000000e+02 0.0000000000e+00 0.0000000000e+00
-9.2328002139e-01 2.0832511820e-01 -3.2272999121e-01
-4.5932906822e-02 7.7425994055e-01 6.3119863160e-01
3.8137143334e-01 5.9759701270e-01 -7.0528975623e-01
7.7972971648e-01 -7.6874010635e+00 3.1656388325e+00
5.3200000000e+02 0.0000000000e+00 0.0000000000e+00
-9.7495732886e-01 1.6875541952e-01 -1.4484410683e-01
3.1471086436e-02 7.4943930791e-01 6.6132465134e-01
2.2015398615e-01 6.4020491418e-01 -7.3598226218e-01
-1.1739074485e+00 -7.6964205983e+00 2.6990648937e+00
5.3200000000e+02 0.0000000000e+00 0.0000000000e+00
-9.8179898206e-01 1.8599560151e-01 3.8423886261e-02
1.6757328667e-01 7.5313161504e-01 6.3616976038e-01
8.9386533730e-02 6.3102964007e-01 -7.7059174726e-01
-3.0832272633e+00 -7.1704806490e+00 3.3842859421e+00
5.3200000000e+02 0.0000000000e+00 0.0000000000e+00
-9.7068104968e-01 1.3540225437e-01 1.9860646844e-01
2.3065695301e-01 7.5720942830e-01 6.1109021570e-01
-6.7643697590e-02 6.3898365488e-01 -7.6624031411e-01
-4.7303370984e+00 -6.7173367656e+00 2.9829303094e+00
5.3200000000e+02 0.0000000000e+00 0.0000000000e+00
-9.9733055120e-01 3.9436491355e-02 6.1453517371e-02
7.1996977546e-02 6.7142136908e-01 7.3757018674e-01
-1.2174024475e-02 7.4002574840e-01 -6.7246835230e-01
-3.2480923501e+00 -8.3217942820e+00 1.8581748826e+00
5.3200000000e+02 0.0000000000e+00 0.0000000000e+00
-9.5209269449e-01 2.3749752546e-02 3.0488596287e-01
2.3038536239e-01 7.1132433633e-01 6.6403333752e-01
-2.0110217775e-01 7.0246255259e-01 -6.8271829938e-01
-5.8121032665e+00 -7.2530863874e+00 1.2092994099e+00
5.3200000000e+02 0.0000000000e+00 0.0000000000e+00
-8.8515695930e-01 -4.4081767066e-02 4.6319969258e-01
3.2792042496e-01 6.4715185604e-01 6.8823155269e-01
-3.3009900376e-01 7.6108558851e-01 -5.5837565731e-01
-7.0713970627e+00 -7.0692476012e+00 1.9657588083e-01
5.3200000000e+02 0.0000000000e+00 0.0000000000e+00
-7.4166852433e-01 -1.1416208991e-01 6.6098019429e-01
4.2273246798e-01 6.8553384795e-01 5.9273991247e-01
-5.2079272319e-01 7.1903432501e-01 -4.6017885537e-01
-8.7312957341e+00 -5.9372990043e+00 -1.5296437424e+00
5.3200000000e+02 0.0000000000e+00 0.0000000000e+00
-7.0464194137e-01 -1.5328424234e-01 6.9280854174e-01
3.3542805302e-01 7.8844387820e-01 5.1560088458e-01
-6.2527414445e-01 5.9570142855e-01 -5.0415479003e-01
-9.0564712895e+00 -5.6054025644e+00 -8.2044898454e-01
-4.4528701586e+00 6.7533333523e-01 1.0331612212e+01
126 128 124
7 13 592 -475.1400 -178.1000 15 687 -540.0600 -118.0600 14 618 -517.7600 -153.3600 16 705 -480.2200 -135.2000 17 789 -394.1000 -100.0300 12 588 -546.0100 -241.0400 18 840 -398.3000 -22.3600
-4.1954521488e+00 9.0491242092e-01 9.5634226658e+00
164 165 157
25 13 3060 -361.5200 -89.7800 15 3344 -386.7100 -61.0300 14 3223 -388.7200 -74.9500 12 2195 -447.6300 -134.2100 11 1965 -461.8500 -161.2700 9 1198 -545.7300 -212.1600 10 1866 -500.1000 -151.4500 6 749 -534.4200 -290.9500 7 816 -570.7800 -364.2400 8 798 -564.2200 -320.3500 5 773 -508.4500 -327.6700 4 519 -495.8800 -431.9800 2 580 -387.6100 -443.2300 3 337 -487.5900 -537.1100 30 2226 381.4200 -191.4800 31 2151 458.4900 -193.1700 33 1507 514.3700 -279.7400 34 861 590.3900 -437.3900 35 522 560.4800 -493.0100 36 567 577.3600 -381.6700 1 482 -208.1300 -430.2500 32 1527 539.1700 -262.2500 37 567 424.7800 -477.9399 0 504 -56.2500 -497.6000 29 2590 392.7700 -114.2000
-4.0494293607e+00 3.4015619545e-01 1.1373877202e+01
31 26 30
6 13 848 -438.1400 -350.9300 15 1003 -605.1900 -272.5700 14 886 -519.1700 -321.3400 16 975 -544.5600 -311.3700 17 1699 -499.6400 -253.9400 18 1947 -547.5900 -137.5500
-2.7351540213e+00 2.0057208259e+00 1.1353580488e+01
16 15 12
12 13 3221 -13.7800 222.3400 15 3579 -111.8400 222.5900 14 3410 -74.3500 222.8900 16 3439 -105.2400 248.0200 12 2388 -40.4700 242.3100 11 2176 -6.9500 256.1000 9 2348 48.6100 243.4400 10 2110 12.0800 242.6800 6 2542 107.8100 228.7000 8 2515 96.2800 235.1600 5 4045 118.6500 258.2200 4 5444 128.2300 238.7500
-2.7717704273e+00 2.0148883183e+00 1.1333441622e+01
17 14 11
12 13 3223 -26.3300 224.5700 15 3582 -122.2100 225.9700 14 3412 -86.2200 225.3200 16 3441 -116.1100 250.6600 12 2389 -54.7900 243.5400 11 2177 -22.3900 256.5700 9 2349 33.1700 244.1100 10 2111 -2.6000 243.6900 6 2543 94.1000 228.3100 7 2654 102.2600 268.3800 8 2514 81.0300 234.7000 5 4041 106.1200 256.6600
-2.7174803640e+00 1.9500165162e+00 1.1350004794e+01
92 83 71
13 13 3220 -7.3400 203.3600 15 4478 -108.1700 202.6200 14 3408 -68.7700 203.7200 16 4275 -99.2000 226.9600 17 5944 -82.9900 226.9200 12 3424 -32.3000 222.8400 11 3257 2.1000 236.3800 9 3567 56.6100 224.0600 10 3341 19.5700 224.1600 6 4142 114.5700 210.7900 7 4078 123.3300 249.8300 8 3950 104.5800 215.3800 5 4036 125.1600 241.0700
-1.6270298288e+00 7.9328347607e-01 9.1833738275e+00
170 170 187
27 13 3779 219.2000 -87.4400 15 4136 198.5000 -163.5800 14 3916 194.0000 -106.2500 16 3112 285.2700 -105.2200 17 3518 359.0900 -129.9600 12 4070 149.5900 -70.3400 18 3915 323.8700 -166.7600 11 4101 130.2800 -51.8100 30 975 -68.9600 -522.3500 31 944 -96.7800 -486.5500 33 880 -252.5600 -417.3700 34 539 -383.3000 -451.4399 35 540 -464.5500 -389.5600 36 543 -357.9900 -457.6700 32 831 -181.9500 -516.0400 37 912 -450.3600 -354.3600 0 2234 -386.5900 -88.7100 28 1077 173.5300 -512.5300 29 1057 117.4200 -498.5699 38 891 -488.3200 -316.9300 39 809 -464.7300 -240.1800 40 751 -553.0300 -310.4100 26 1114 308.1600 -427.3199 27 1090 296.1899 -420.8500 22 1035 447.5300 -340.7200 24 964 292.3500 -390.9200 25 1077 366.6600 -407.6200
-2.7806865518e+00 1.9383593571e+00 1.1308215551e+01
94 92 79
11 13 4088 -28.9700 197.6800 15 5576 -126.9500 198.5500 14 4254 -89.1800 198.5900 16 4268 -117.4500 221.3600 17 5932 -97.0700 221.0900 12 3413 -56.3800 214.9500 11 3242 -23.3300 227.2300 9 3555 30.3500 215.1900 10 4837 -5.0300 216.6400 7 5574 100.4200 237.5200 8 3933 78.8000 203.9900
-2.7805804333e+00 1.9386390334e+00 1.1308385004e+01
94 92 79
13 13 4089 -28.9700 197.6800 15 5577 -126.9500 198.5500 14 4255 -89.1800 198.5900 16 4269 -117.4500 221.3600 17 5933 -97.0700 221.0900 12 3414 -56.3800 214.9500 11 3243 -23.3300 227.2300 9 3556 30.3500 215.1900 10 4838 -5.0300 216.6400 6 5921 91.1900 200.1100 7 5575 100.4200 237.5200 8 3934 78.8000 203.9900 5 5717 104.2000 228.8600
-2.8039686339e+00 1.9444495491e+00 1.1295254278e+01
91 89 76
13 13 4093 -36.9900 199.0400 15 5578 -133.4600 200.6600 14 4257 -96.6100 200.2600 16 4271 -124.2100 222.9400 17 5939 -102.2500 223.0600 12 4427 -65.5000 215.6200 11 3244 -33.0900 227.6100 9 3558 20.5200 215.5100 10 4840 -14.4100 217.2600 6 5919 82.3000 199.6600 7 5572 91.5600 236.6300 8 3929 68.9200 203.6400 5 5712 96.2700 227.7500
-2.8041006593e+00 1.9441054544e+00 1.1294936295e+01
91 89 76
11 13 4094 -36.9900 199.0400 15 5579 -133.4600 200.6600 14 4258 -96.6100 200.2600 16 4270 -124.2100 222.9400 17 5938 -102.2500 223.0600 12 4425 -65.5000 215.6200 11 3245 -33.0900 227.6100 9 3559 20.5200 215.5100 10 4841 -14.4100 217.2600 7 5570 91.5600 236.6300 8 3930 68.9200 203.6400
-2.7248721773e+00 1.9863529165e+00 1.1354531499e+01
95 91 81
13 13 4105 -10.2100 215.9100 15 5594 -109.4700 215.4800 14 4275 -71.2600 216.2200 16 4282 -102.0800 240.4700 17 5961 -85.0000 239.3500 12 3429 -36.0700 236.0000 11 3265 -2.3100 249.8800 9 3576 53.0200 237.2100 10 3345 16.2600 236.7800 6 5970 111.6800 223.1200 7 5631 120.0400 262.8300 8 3956 100.8100 228.9400 5 5762 122.3100 253.2000
-2.7614080036e+00 1.9953864235e+00 1.1334441503e+01
90 88 73
13 13 4107 -22.8700 218.1000 15 4487 -119.8600 218.7100 14 4280 -83.0100 218.6500 16 4284 -112.9700 243.1300 17 5965 -93.4800 242.0900 12 3431 -50.5300 237.0600 11 3267 -17.6300 250.1400 9 3577 37.5600 237.8000 10 4855 1.6100 237.6400 6 5968 98.0000 222.5000 7 5630 106.4700 261.9100 8 3955 85.6000 228.3800 5 5757 110.0200 251.6500
-2.7990782319e+00 2.0052862626e+00 1.1315055462e+01
92 87 76
13 13 4109 -35.6700 220.2600 15 5598 -130.3000 222.0500 14 4282 -94.9200 221.3000 16 5362 -123.8300 245.7000 12 3432 -65.0300 238.1800 11 3268 -33.2400 250.7400 9 3579 21.8700 238.5700 10 4858 -13.2300 238.7600 6 5967 83.8300 221.7500 7 5629 92.4100 261.1100 8 3954 69.8700 227.9600 5 5753 97.2300 249.8300 4 5427 110.7500 228.4700
-2.6401633108e+00 1.9041369877e+00 1.1382616801e+01
105 100 92
13 13 4079 19.8500 189.5200 15 4461 -86.4000 185.5700 14 4240 -43.4800 188.5600 16 4256 -75.1700 210.7200 17 5914 -63.9100 209.5800 12 4412 -0.9900 210.5600 11 3237 35.2600 225.4600 9 5278 88.3200 212.7900 10 4830 50.1500 212.7500 6 5930 141.9600 202.9700 7 5590 150.7100 241.4200 8 5496 135.6200 206.2900 5 5727 150.0200 235.4500
-2.7408469420e+00 1.9290457781e+00 1.1330353823e+01
97 92 76
13 13 4086 -15.2900 195.5800 15 4471 -115.6300 195.1800 14 4247 -76.4000 195.9300 16 4261 -105.8500 218.4800 17 5927 -88.0300 218.0400 12 3412 -40.7200 213.8100 11 3241 -6.7300 226.7400 9 3554 47.0100 214.6700 10 3332 10.6100 215.7000 6 4129 105.9900 200.9000 7 4058 115.1300 238.7000 8 3937 95.4000 204.7500 5 5719 117.6300 230.7900
-2.7527179714e+00 1.9360296113e+00 1.1325447445e+01
15 14 11
13 13 4090 -19.3000 197.6400 15 4474 -118.9600 197.7700 14 4250 -80.3000 198.2100 16 4264 -109.4000 220.9900 17 5931 -90.7800 221.2500 12 3415 -45.4800 215.5000 11 3247 -11.8200 228.2900 9 3560 42.0700 216.1300 10 3333 5.9200 217.1500 6 4130 101.6700 202.0300 7 4061 110.8900 240.0900 8 3938 90.6100 206.1200 5 5720 113.9100 231.6900
-2.6563603056e+00 1.9146906836e+00 1.1376344781e+01
96 88 77
11 13 4085 14.3400 192.8400 15 4465 -90.7800 189.9400 14 4242 -48.5300 192.5500 12 3409 -7.4600 213.1200 11 3246 28.4700 227.8000 9 3557 81.7300 215.5800 10 3329 43.7400 215.3200 6 5937 136.3100 204.9000 7 5596 145.0700 244.0500 8 3941 129.2600 208.5100 5 5729 144.7200 236.9100
-2.7305099442e+00 1.9318790559e+00 1.1336503085e+01
20 16 12
13 13 4087 -11.6700 196.4600 15 5571 -112.8000 195.7600 14 4249 -73.0600 197.1100 16 4263 -102.7800 219.4800 17 5928 -85.5000 218.5700 12 3416 -36.9700 215.6500 11 3248 -2.7000 228.9500 9 3561 51.1400 216.7500 10 3335 14.5300 217.6800 6 4134 109.5100 203.1600 7 4066 118.6200 241.0500 8 3939 99.3200 207.0700 5 5723 120.6400 233.0100
-2.7925230565e+00 1.9481145632e+00 1.1304642154e+01
16 15 13
12 13 3218 -32.7800 200.4600 15 4479 -129.8400 202.2400 14 3406 -92.6600 201.6800 12 3419 -60.8200 217.3700 11 2174 -28.2000 229.4800 9 2341 25.5400 217.3000 10 3336 -10.0500 218.8800 6 4131 86.9900 201.8500 7 4062 95.8500 239.6100 8 2507 73.8400 206.0100 5 4022 100.1800 230.2900 4 5400 112.6000 209.9800
-2.7925230565e+00 1.9481145632e+00 1.1304642154e+01
16 15 13
12 13 3219 -32.7800 200.4600 15 4480 -129.8400 202.2400 14 3407 -92.6600 201.6800 12 3420 -60.8200 217.3700 11 2175 -28.2000 229.4800 9 2342 25.5400 217.3000 10 3337 -10.0500 218.8800 6 4132 86.9900 201.8500 7 4063 95.8500 239.6100 8 2508 73.8400 206.0100 5 4023 100.1800 230.2900 4 5401 112.6000 209.9800
-2.8235708131e+00 2.0169613288e+00 1.1300468155e+01
16 16 8
13 13 3222 -44.4400 223.6600 15 4492 -137.2700 226.5300 14 4283 -102.9000 225.0400 16 4289 -131.0500 249.6500 17 5969 -107.2600 248.6400 12 3434 -75.1700 241.0500 11 3270 -44.0900 253.1200 9 3581 11.3800 240.8400 10 3346 -23.4900 241.4100 6 4144 73.8900 223.5400 7 4083 82.3100 262.8800 8 5516 59.4700 229.8800 5 4039 87.7100 250.8500
-2.8061408213e+00 2.0273910789e+00 1.1314476881e+01
17 16 11
13 13 4115 -38.4400 227.8100 15 4495 -131.9400 230.3500 14 4289 -97.2800 229.2600 16 4294 -126.4100 254.5800 17 5978 -103.8100 253.8800 12 3436 -68.5800 245.8900 11 3273 -37.0600 258.3700 9 3583 18.3600 245.9900 10 3347 -16.4500 246.0400 6 4146 80.8600 228.9800 7 4087 88.9000 269.1300 8 3962 66.0900 235.8100 5 4042 94.0500 256.4400
-2.8061408213e+00 2.0273910789e+00 1.1314476881e+01
17 16 11
13 13 4116 -38.4400 227.8100 15 4496 -131.9400 230.3500 14 4290 -97.2800 229.2600 16 4295 -126.4100 254.5800 17 5979 -103.8100 253.8800 12 3437 -68.5800 245.8900 11 3274 -37.0600 258.3700 9 3584 18.3600 245.9900 10 3348 -16.4500 246.0400 6 4147 80.8600 228.9800 7 4088 88.9000 269.1300 8 3963 66.0900 235.8100 5 4043 94.0500 256.4400
-2.8021265109e+00 1.9719256436e+00 1.1303935586e+01
93 90 81
9 13 4100 -36.3500 208.5200 15 5589 -131.9600 210.7700 14 4271 -95.6800 209.9500 11 3263 -33.1700 237.7800 9 3573 20.9400 225.4900 10 4851 -13.9400 226.5700 6 5951 82.8300 209.2900 7 5608 91.7500 247.8100 8 3947 69.2500 214.3600
-2.8021075930e+00 1.9718187978e+00 1.1303759161e+01
93 90 81
12 13 4101 -36.3500 208.5200 15 5587 -131.9600 210.7700 14 4270 -95.6800 209.9500 16 5349 -123.9300 233.5800 12 4438 -65.3600 225.5500 11 3264 -33.1700 237.7800 9 3574 20.9400 225.4900 10 4852 -13.9400 226.5700 6 5952 82.8300 209.2900 7 5609 91.7500 247.8100 8 3948 69.2500 214.3600 5 5731 96.4700 237.3000
-2.6379088467e+00 1.9317001627e+00 1.1390225394e+01
95 93 75
13 13 4091 20.5600 199.0600 15 4472 -84.9400 195.5900 14 4252 -42.5900 198.4700 16 4266 -74.8100 221.5300 17 5929 -63.4100 220.3800 12 4433 -0.8100 220.7600 11 3255 35.2900 235.6800 9 5292 88.8000 223.3000 10 4846 50.6700 222.3500 6 5958 142.6500 212.6700 7 5618 150.9600 252.3400 8 3951 136.0700 217.0700 5 5747 150.2000 244.8800
-2.6378214925e+00 1.9320151627e+00 1.1390588748e+01
95 93 75
10 13 4092 20.5600 199.0600 15 4473 -84.9400 195.5900 14 4253 -42.5900 198.4700 16 4267 -74.8100 221.5300 17 5930 -63.4100 220.3800 12 4434 -0.8100 220.7600 11 3256 35.2900 235.6800 9 5293 88.8000 223.3000 10 4847 50.6700 222.3500 8 3952 136.0700 217.0700
-2.7775801214e+00 1.9660771726e+00 1.1316918409e+01
86 85 68
14 13 4098 -28.2100 207.2700 15 4484 -125.3100 208.5700 14 4269 -88.1800 208.1900 16 4279 -117.0300 231.9400 17 5953 -96.4900 231.7600 12 3427 -56.0300 224.8200 11 3261 -23.2000 237.3500 9 3571 31.1400 225.2100 10 3344 -4.3700 226.0000 6 4141 92.0300 209.7800 7 4077 100.8600 248.5600 8 3949 79.3600 214.8400 5 5733 104.6600 238.3300 4 5415 116.3900 218.5300
-2.7227296058e+00 2.0143143263e+00 1.1362996076e+01
90 84 73
10 13 4112 -9.5000 225.9000 15 4489 -107.7000 225.9800 14 4284 -70.1000 226.4100 12 3438 -35.7700 246.3400 11 3275 -2.3200 260.0300 9 3585 53.5800 247.6700 10 3349 16.8600 246.3400 6 4149 112.2500 233.3300 7 5644 120.2700 274.3700 8 3967 101.0900 240.1600
-2.7220203360e+00 2.0145744571e+00 1.1362038496e+01
90 84 73
12 13 4113 -9.5000 225.9000 15 4490 -107.7000 225.9800 14 4285 -70.1000 226.4100 16 4290 -101.4900 252.0700 17 5972 -84.3400 250.6000 12 3439 -35.7700 246.3400 11 3276 -2.3200 260.0300 9 3586 53.5800 247.6700 10 3350 16.8600 246.3400 6 4150 112.2500 233.3300 7 5645 120.2700 274.3700 8 3968 101.0900 240.1600
-2.7587356849e+00 2.0241529404e+00 1.1341810009e+01
90 88 71
13 13 4114 -22.2700 227.8300 15 4493 -118.2200 229.3500 14 4287 -82.0400 229.0100 16 4292 -112.4500 254.6600 17 5975 -92.7900 253.3300 12 3441 -50.4100 247.5900 11 3277 -17.8000 261.0100 9 3588 38.1100 248.5200 10 3351 2.1500 247.6800 6 5986 98.4700 232.8700 7 5641 106.4700 273.7400 8 3970 85.6600 239.8300 5 5778 110.0600 261.6800
-2.7956180047e+00 2.0336188077e+00 1.1321091312e+01
89 85 73
13 13 4118 -34.9800 230.2700 15 4497 -128.6000 232.5100 14 4291 -93.8400 231.5200 16 4296 -123.2800 257.1700 17 5980 -101.1200 256.2700 12 4453 -64.8700 248.7700 11 3280 -33.3300 261.4900 9 3591 22.3200 249.2100 10 4870 -12.8200 248.7400 6 5983 84.4100 232.3000 7 5637 92.4300 272.9200 8 3965 70.0200 239.3400 5 5776 97.2400 260.0700
-3.5994836561e+00 2.8800742012e-01 1.1479750567e+01
104 94 95
8 13 1933 -291.8000 -373.3600 15 1497 -483.6200 -320.8700 14 1408 -382.1100 -353.0400 16 1461 -422.9700 -353.0800 17 2444 -404.0700 -302.5900 18 2834 -477.6500 -193.8300 1 3075 354.1200 -194.1400 0 3220 367.1600 -181.5900
-2.7651820579e+00 1.9332191306e+00 1.1317645286e+01
78 75 68
12 13 5173 -23.5200 196.2800 15 5572 -122.4800 196.6700 14 5358 -84.1100 197.0300 16 5333 -112.7600 219.5200 12 4424 -50.0200 213.8300 11 4435 -16.6200 226.4100 9 5283 37.1500 214.3000 10 4835 1.3100 215.4800 6 8105 97.1700 199.8900 7 7573 106.3300 237.2400 8 5492 85.6300 203.6500 5 7883 109.7100 228.9800
-2.7230585371e+00 1.9229714468e+00 1.1340679525e+01
92 91 83
12 13 5169 -8.9700 193.9500 15 5568 -110.4900 192.8800 14 5356 -70.6500 193.9400 16 5329 -100.3300 216.5100 12 4422 -33.4200 212.5800 11 4432 0.9700 225.9700 9 5279 54.7600 213.7700 10 4832 17.9600 214.5400 6 5923 112.8400 200.7700 7 5577 121.9000 238.6800 8 5493 102.8500 204.3600 5 7887 123.7500 231.0400
-2.6727778096e+00 1.9995929425e+00 1.1389685408e+01
22 19 9
12 13 5192 7.7100 222.5000 15 5597 -93.1800 220.4300 14 5379 -53.8700 222.1500 16 5365 -86.4300 247.3600 12 4449 -15.8500 244.0900 11 4456 18.8300 258.9600 9 5314 74.6400 246.0000 10 4865 36.9600 244.2200 6 5985 130.8900 233.2300 7 5643 138.6700 274.3900 8 5527 121.7000 239.7600 5 5782 139.5400 264.2800
-2.6917343335e+00 1.9454882996e+00 1.1363917091e+01
85 77 74
10 13 5181 1.6400 202.6200 15 5580 -100.6400 200.9600 16 5342 -91.3000 225.9100 12 5752 -22.0700 222.7200 11 5928 12.9200 236.6500 9 7143 67.0500 224.3700 10 6626 29.8100 224.1000 6 8119 123.7100 211.9600 7 7605 132.3800 251.0700 8 5509 114.7800 216.5900
-2.6919220099e+00 1.9456860942e+00 1.1364070898e+01
85 77 74
10 13 5182 1.6400 202.6200 15 5581 -100.6400 200.9600 14 5365 -60.3900 202.7200 16 5343 -91.3000 225.9100 12 5753 -22.0700 222.7200 11 5929 12.9200 236.6500 9 7144 67.0500 224.3700 10 6627 29.8100 224.1000 6 8120 123.7100 211.9600 8 5510 114.7800 216.5900
-2.8224029042e+00 2.0413411414e+00 1.1309079936e+01
18 12 2
11 13 4119 -43.8500 232.1100 15 5605 -136.0700 235.4400 14 4292 -102.0700 233.4800 16 5375 -130.8700 259.3600 12 4454 -75.2700 250.1800 11 4461 -44.3900 262.4900 10 4871 -23.2900 250.0400 6 5984 74.7600 232.3600 7 4089 82.8700 272.5400 8 3966 59.3300 239.4200 5 5774 88.6300 259.4200
-4.4618440956e+00 2.7794405041e-01 1.1591975409e+01
47 37 63
6 13 2612 -607.1200 -402.7700 15 3155 -784.0400 -286.0800 14 2899 -692.0500 -360.1100 16 2201 -718.1600 -342.2100 17 3429 -652.6700 -265.7200 18 3961 -686.1900 -125.2700
-2.7679941184e+00 2.0063647915e+00 1.1205197521e+01
81 79 67
3 13 5186 -28.7600 218.3600 15 5596 -114.2000 216.5000 14 5376 -76.7300 216.7100
-2.6199058901e+00 1.8979753897e+00 1.1392360033e+01
88 84 73
11 13 5163 26.9400 187.7100 15 5564 -80.4300 183.1900 14 5349 -36.7000 186.7600 16 5319 -68.7100 208.7600 17 5912 -58.9300 207.6000 12 5746 6.9500 209.1500 11 5915 43.9400 224.4000 9 7134 96.4800 212.2200 10 6614 57.9500 211.6500 7 7584 157.3400 241.3700 8 7263 143.4700 205.9600
-2.6742353355e+00 1.9784985298e+00 1.1382423951e+01
23 19 16
12 13 4102 7.6300 214.6000 15 4486 -94.8500 212.9800 14 4273 -54.4600 214.3100 16 4281 -86.8300 238.9000 12 4444 -15.7900 235.8800 11 4448 19.0800 250.6900 9 5303 74.5400 237.8800 10 4854 36.8000 236.6300 6 5974 129.9500 225.6300 7 4086 137.8300 266.1500 8 3959 121.0700 231.4300 5 5772 138.2800 256.9800
-2.6482718444e+00 1.9103695188e+00 1.1380279439e+01
21 18 11
10 13 5165 17.2300 191.4400 15 5566 -88.6200 187.9600 14 5353 -46.0000 190.8300 16 5324 -77.5100 213.0800 12 4419 -4.2100 212.2000 11 4437 31.9200 226.8900 10 6616 47.0000 214.3100 6 8108 139.1300 204.0000 7 7590 147.9900 242.9300 8 7266 132.5900 207.7700
-2.6482538361e+00 1.9103110682e+00 1.1380352855e+01
21 18 11
11 13 5166 17.2300 191.4400 15 5567 -88.6200 187.9600 14 5354 -46.0000 190.8300 16 5325 -77.5100 213.0800 12 4420 -4.2100 212.2000 11 4438 31.9200 226.8900 9 5282 85.1800 214.7500 10 6617 47.0000 214.3100 6 8109 139.1300 204.0000 7 7591 147.9900 242.9300 8 7267 132.5900 207.7700
-1.6712863557e+00 3.0879239992e-01 1.0766298303e+01
101 98 107
7 13 4508 296.8000 -275.7900 15 4881 174.2500 -359.2100 14 4709 234.0699 -298.2900 16 3719 264.0601 -329.6900 17 4266 264.4900 -351.2600 18 4730 145.2900 -351.6400 19 4623 93.6200 -403.2200
-2.6647188254e+00 1.9137308222e+00 1.1372782145e+01
29 24 17
10 13 5167 11.4800 192.0200 15 4466 -94.4000 189.7900 14 5355 -51.5800 191.5300 16 5327 -82.9400 213.9900 17 5917 -70.2700 213.3100 12 5748 -10.3000 212.5400 11 5917 25.5100 226.9300 10 6618 40.7000 214.6600 7 7587 142.3000 242.2700 8 7265 126.3700 207.4100
-2.7488589152e+00 1.9582294352e+00 1.1334202964e+01
99 94 82
12 13 4097 -18.0900 205.4900 15 5582 -117.1200 205.6300 14 4265 -78.8300 206.0300 16 5348 -108.5100 229.7400 12 4435 -44.3800 224.0500 11 3260 -10.7600 236.9900 9 3570 43.7200 224.7200 10 4849 7.3900 225.2500 6 5955 103.2800 210.2200 7 5611 111.9800 249.0300 8 5508 91.8400 215.3100 5 5738 114.9200 239.8600
-4.3035992456e+00 1.0103089411e+00 9.2742871380e+00
178 177 176
19 13 3099 -374.3400 -59.9800 15 3382 -383.0000 -32.5800 16 3239 -322.4300 -24.4800 17 3627 -219.2400 -7.6500 12 3187 -471.3400 -104.3300 18 4098 -203.4300 33.6800 11 2917 -494.8300 -131.9000 9 1946 -605.1300 -182.4500 10 2916 -543.4400 -122.2500 6 1209 -622.1600 -267.3100 7 1260 -677.6400 -348.0200 8 1247 -647.8300 -294.5500 5 1215 -609.6300 -314.3200 4 767 -617.6600 -433.2700 2 566 -517.8400 -466.0000 3 510 -630.7400 -549.9301 33 1465 593.4100 -330.6400 34 824 680.0400 -518.9301 32 1499 630.7500 -304.1100
-2.7278596331e+00 1.6995037308e+00 1.1274210335e+01
95 82 58
17 13 1489 -8.5000 117.3400 15 1654 -118.1000 114.9500 14 1566 -71.9000 117.6000 16 1687 -102.1400 134.7500 17 1856 -83.0500 136.2400 12 1571 -29.0800 131.3300 18 2062 -128.8700 179.4700 11 1431 7.3100 143.0400 9 1439 54.9400 132.3900 10 1367 18.7800 137.6600 6 1556 110.4200 123.1500 7 1671 121.9100 154.0100 8 1008 103.9600 119.6100 5 1591 122.6300 154.4600 4 1524 128.0300 135.4800 2 2283 149.6800 179.5800 3 1445 147.3900 82.3600
-2.7994696993e+00 1.7184819708e+00 1.1234133049e+01
92 80 60
15 13 1492 -33.3400 122.5200 15 1657 -137.1000 122.4700 14 1572 -94.7900 123.6000 16 1692 -117.9100 140.0000 12 1572 -57.9200 134.4100 11 1432 -23.4700 144.6200 9 1440 24.2600 133.3800 10 1368 -10.4000 139.8900 6 1554 83.7600 121.1700 7 1670 95.5800 151.2100 8 1593 74.1100 117.9400 5 1584 98.8900 150.4100 4 1521 109.1000 129.9100 2 3415 138.5500 173.3100 3 2225 133.7200 76.8400
-2.7228702594e+00 1.9229429410e+00 1.1340258424e+01
92 91 83
10 13 5170 -8.9700 193.9500 15 5569 -110.4900 192.8800 16 5330 -100.3300 216.5100 12 4423 -33.4200 212.5800 11 4433 0.9700 225.9700 9 5280 54.7600 213.7700 10 4833 17.9600 214.5400 6 5924 112.8400 200.7700 7 5578 121.9000 238.6800 5 7889 123.7500 231.0400
-2.6297339971e+00 1.9268882496e+00 1.1390258061e+01
18 15 8
7 13 5174 23.3700 197.2900 15 5570 -82.5600 193.5100 14 5357 -39.7700 196.4500 16 5332 -71.9900 219.4000 17 5924 -61.1800 218.1300 12 4431 2.4500 218.8900 11 4441 38.6800 234.0300
-2.6273344376e+00 1.9885601073e+00 1.1412088780e+01
17 14 11
5 13 4108 24.2100 219.4100 15 5593 -80.1700 215.6400 14 4279 -38.9300 218.5900 16 4285 -72.3700 243.3100 11 3272 37.8900 258.3300
-2.7878717314e+00 2.0270988768e+00 1.1321633909e+01
16 16 6
3 13 5203 -32.1500 228.2300 15 5600 -126.2900 230.2700 16 5373 -120.8600 255.0400
-2.7745850253e+00 1.7144893322e+00 1.1246023212e+01
95 81 62
10 13 2272 -25.2600 121.6300 15 2504 -130.6400 120.7900 14 2386 -87.5900 122.5600 16 2479 -111.1500 138.7200 17 3836 -91.7900 141.2600 6 2473 92.2400 122.7700 7 2615 103.9700 153.1400 5 2500 106.4800 152.6400 2 5001 142.2200 176.1500 3 3363 138.6300 79.7200
-1.5618792284e+00 1.5230710939e-01 1.1254817283e+01
54 55 75
5 13 2684 369.8600 -361.7400 15 2892 204.5200 -460.8199 14 2834 292.0300 -389.6700 30 3379 -448.9900 -207.5300 31 4416 -412.0800 -175.1400
-2.6731465964e+00 1.7463976718e+00 1.1318252896e+01
34 33 21
16 13 2275 9.9500 134.3000 15 2509 -100.4600 129.8800 14 2389 -54.4900 133.5800 16 2485 -82.0300 150.7700 17 3848 -69.5800 151.9800 12 2368 -10.2500 150.7500 11 3217 24.8900 163.9000 9 1442 76.0300 153.3500 10 3319 36.7000 156.2500 6 2505 129.8500 144.9900 7 2621 140.2300 178.0400 8 3913 122.5000 142.4200 5 2518 139.8200 177.3000 4 3757 143.7200 159.9600 2 7102 161.6200 204.2900 3 4829 162.2100 107.2700
-2.7514655718e+00 1.8080561158e+00 1.1288619332e+01
20 19 15
15 13 4064 -18.6700 153.5300 15 4451 -121.7300 152.4700 14 4229 -80.0400 154.0000 16 3412 -105.9400 172.6900 17 4783 -87.9500 173.9800 12 3402 -42.4300 168.8800 11 3223 -7.4900 180.7400 9 3543 42.8500 169.1900 6 4110 101.0800 157.0900 7 4026 112.2300 191.0300 8 3917 92.0600 156.9500 5 3987 114.0500 187.2300 4 3766 123.1700 167.8700 2 7106 150.3800 210.1900 3 4844 148.5100 115.0900
-2.6983382464e+00 1.9626557021e+00 1.1358835922e+01
14 14 13
14 13 990 -1.2200 208.3100 15 1088 -102.0700 207.0300 14 1004 -62.5300 208.3000 16 1106 -93.5900 232.2200 17 1237 -78.0500 231.2500 12 670 -25.3000 228.3600 11 607 8.7700 242.2900 9 644 63.6000 229.9500 6 964 119.7200 216.7400 7 684 129.5000 256.4800 8 663 110.9300 221.8300 5 1011 129.2000 247.1800 4 1052 136.0400 228.5100 3 1489 162.5500 174.6700
-2.7383995174e+00 1.4930872056e+00 1.1211021400e+01
94 80 59
15 13 3177 -11.3300 49.5000 15 3470 -125.7000 45.3600 14 3347 -75.7900 49.7500 16 3336 -96.9400 60.1000 17 4649 -80.8500 64.6100 12 3316 -29.3900 59.2800 11 3139 8.3800 69.4200 9 3422 50.8800 60.1000 10 3205 15.1700 69.3600 6 3930 105.7200 54.4300 7 3927 119.6900 78.6700 8 3796 101.4800 44.2300 5 3866 120.0000 86.5400 4 5201 125.0500 68.3800 3 4689 138.6700 15.7900
-2.7127430745e+00 1.1434281006e+00 1.1127789125e+01
96 83 58
15 13 3819 -0.7500 -59.9400 15 4257 -126.5800 -69.0000 14 3976 -68.1400 -60.6100 16 3970 -83.8200 -58.8900 17 4489 -70.8200 -51.7000 12 4101 -12.1700 -55.5300 18 6124 -137.3000 -4.1600 11 3050 28.3400 -46.4100 9 4763 62.8700 -51.9500 10 3078 27.3300 -38.2800 7 5131 130.3000 -35.3100 8 3492 114.1100 -70.6400 5 5205 128.2400 -14.3800 4 6715 129.0200 -30.6700 3 6239 130.7500 -82.0500
-2.7854160295e+00 1.6968903992e+00 1.1243147288e+01
25 23 21
12 13 1488 -27.9000 115.7400 15 1656 -134.1500 115.2600 14 1565 -90.3900 116.7200 16 1684 -114.1800 132.8100 12 1060 -51.0900 127.6300 11 933 -16.5100 138.1400 9 913 31.2400 126.9300 6 948 90.1900 115.6900 7 1063 102.1300 145.2400 8 1005 81.5900 111.7900 5 1576 105.0900 145.5300 4 1517 114.7500 125.2000
-2.8267726832e+00 1.9672750177e+00 1.1284005732e+01
14 15 9
15 13 1500 -45.5900 206.7100 15 1674 -139.2600 208.7700 14 1579 -104.0600 207.9400 16 1707 -130.8200 230.7800 17 2864 -106.8800 230.0200 12 1576 -75.9600 223.5100 18 4321 -136.8400 270.5100 11 938 -44.3300 234.4300 9 919 9.3900 222.3300 10 1371 -24.9600 224.3900 6 960 72.9500 205.1900 7 1071 82.2100 242.7800 8 1013 57.8800 210.0300 5 1617 87.2400 232.3900 4 1553 102.7000 211.1000
-2.6591466531e+00 1.9548640481e+00 1.1389353768e+01
15 15 13
13 13 1501 12.6100 207.1100 15 1673 -90.7400 204.2600 16 1104 -82.8200 230.4200 17 1885 -69.5500 228.9500 12 1062 -9.2700 228.4100 11 940 25.9100 243.3400 9 923 81.8000 230.3900 10 895 43.2700 229.5400 6 966 136.9400 218.8200 7 1079 144.9400 258.7700 8 1018 128.9800 223.8400 5 1620 145.1000 250.4800 4 1561 149.5300 232.7300
-2.7431661399e+00 1.4064563678e+00 1.1188614998e+01
78 70 59
13 13 1462 -12.1200 21.5400 15 2444 -128.8200 16.7700 14 2358 -77.0200 21.7600 16 2401 -96.9600 30.2000 12 1546 -28.5500 29.3300 11 1405 9.7400 39.0900 9 1386 50.3900 30.6500 10 1345 14.9800 41.3000 6 1464 104.6800 26.7200 7 1626 119.7000 48.3100 8 1508 101.6500 13.5300 5 2405 119.6300 59.5800 4 2291 124.4300 41.5500
-2.6882284337e+00 1.6679188185e+00 1.1292625612e+01
19 19 18
13 13 1477 4.5100 107.4200 15 1647 -106.5400 102.8000 14 1559 -59.3200 106.9700 16 1676 -85.1800 121.5900 12 1564 -14.4500 122.1900 11 1427 23.1100 134.6000 9 1430 69.9700 124.3800 10 1361 33.2000 129.5600 6 1547 124.4100 117.2100 7 1668 136.6800 147.8200 8 1590 119.6700 112.6400 5 1582 136.1400 149.7900 4 2402 140.6000 132.3900
-2.6882284337e+00 1.6679188185e+00 1.1292625612e+01
19 19 18
13 13 1478 4.5100 107.4200 15 1648 -106.5400 102.8000 14 1560 -59.3200 106.9700 16 1677 -85.1800 121.5900 12 1565 -14.4500 122.1900 11 1428 23.1100 134.6000 9 1431 69.9700 124.3800 10 1362 33.2000 129.5600 6 1548 124.4100 117.2100 7 1669 136.6800 147.8200 8 1591 119.6700 112.6400 5 1583 136.1400 149.7900 4 2403 140.6000 132.3900
-2.6721396459e+00 1.8303466068e+00 1.1341070995e+01
20 18 4
14 13 2277 9.0300 162.8700 15 2517 -98.3800 159.7100 14 2392 -54.6100 162.7400 16 2502 -83.8400 182.3700 17 2824 -70.5600 182.5700 12 2380 -11.7500 181.4000 18 4287 -114.7700 223.2900 11 2170 24.2100 194.9100 9 2333 74.8700 183.4500 6 2537 129.7200 173.5400 7 2643 139.4100 209.6000 8 2505 123.5700 174.6800 5 2532 138.7600 205.5700 4 2446 143.1100 187.8800
-2.7384592388e+00 8.9680090621e-02 1.1887292670e+01
57 46 68
8 13 1788 10.3100 -480.5699 15 2089 -252.3200 -487.4100 14 1879 -104.1600 -480.2900 16 1948 -184.0500 -516.3500 17 2260 -234.2900 -477.5500 18 3782 -382.3600 -372.5800 19 4670 -427.5100 -359.6700 4 2942 427.9500 -284.2100
-2.7990378335e+00 1.3847909156e+00 1.1149031516e+01
43 38 28
12 13 3154 -29.9800 14.7300 15 3436 -144.6800 11.7600 14 3316 -94.0800 15.6500 16 3280 -111.7300 23.8500 12 2291 -48.5100 20.4300 11 2092 -11.2500 28.6100 9 2177 28.7500 19.2800 10 2022 -5.7000 31.7900 6 3817 85.3900 13.3100 7 2488 100.6500 32.5900 8 2341 80.4300 -0.5800 4 3574 110.0900 25.0700
-2.8214113747e+00 1.5552047784e+00 1.1177714464e+01
97 87 60
12 13 3180 -39.5800 69.0500 15 3481 -147.3300 68.2500 16 3355 -121.0200 82.3600 17 4676 -99.9500 87.1000 11 2113 -26.9800 85.6400 9 2235 17.1200 74.9600 10 3217 -16.5600 84.9500 6 3954 76.2600 64.7800 7 2554 89.8400 89.0100 8 2397 67.9300 56.2700 5 3880 93.0600 94.3100 4 3647 103.5200 73.6000
-2.8006931649e+00 1.8080757210e+00 1.1260758947e+01
51 47 38
11 13 3210 -34.4400 152.5300 15 3544 -135.3600 153.1100 14 3394 -94.9300 153.5400 16 3414 -120.0700 172.4500 12 2372 -60.2200 166.2300 11 3219 -27.6000 177.1200 6 4094 83.1600 151.7300 7 2622 94.7100 184.6800 8 2497 72.6500 151.4700 5 3977 98.0700 180.5300 4 3758 110.1000 160.0600
-2.6769798796e+00 1.7775049632e+00 1.1325102500e+01
48 46 37
15 13 3209 7.4700 144.7600 15 3537 -100.9800 140.9700 14 2390 -56.2100 144.4600 16 2490 -84.2600 162.3400 17 3861 -71.1600 163.1900 12 2370 -12.3900 162.1400 18 5185 -117.2200 204.4300 11 2167 23.2900 175.2000 9 2322 74.1100 164.3700 10 2101 36.5000 167.0500 6 4104 127.5000 154.9900 7 2624 138.3300 189.3300 8 2498 121.9700 154.2000 5 3991 138.6300 187.4300 4 3769 142.4000 169.6800
-2.7924840437e+00 1.1599224433e+00 1.1085844705e+01
100 84 59
15 13 3103 -26.6200 -54.2100 15 3345 -147.7500 -59.7200 14 3257 -92.0400 -53.7600 16 3195 -105.8900 -50.5500 17 3604 -88.3700 -42.3400 12 2247 -41.5900 -52.5200 18 5012 -149.0700 5.8800 11 2054 -2.4100 -45.4100 9 2124 32.2100 -53.1900 10 1975 -1.7600 -37.2400 6 3589 86.3800 -54.1300 7 3686 104.3100 -41.6100 8 2239 84.5800 -75.2400 5 3598 104.5300 -21.6000 4 4969 109.7100 -40.2300
-2.7782535917e+00 1.1585482835e+00 1.1098492724e+01
95 83 60
12 13 3825 -21.4000 -54.9500 15 4266 -143.4700 -61.2100 14 3987 -87.5400 -54.5700 12 3249 -35.6700 -52.6800 11 3053 3.9300 -45.1100 9 3228 38.5100 -52.5700 10 3080 4.3300 -37.0300 6 3594 92.0500 -52.7800 7 3688 109.6800 -40.1700 8 3487 90.9300 -73.8600 5 3607 109.8300 -19.8400 4 4975 114.4800 -37.9000
-2.8364030943e+00 1.1977875769e+00 1.1076391148e+01
91 82 60
14 13 3848 -40.6800 -42.7600 15 5304 -158.6800 -46.2500 14 5028 -105.0200 -41.7300 16 4001 -118.5300 -37.0900 17 5523 -98.7400 -28.2400 12 4139 -57.7500 -41.8800 11 3060 -19.7400 -35.5700 9 3252 16.0700 -44.5600 10 4468 -17.2800 -28.0900 6 5307 72.9400 -48.1700 7 3702 90.4700 -35.9600 8 3500 69.1200 -68.2200 5 5203 92.6800 -16.9000 4 4982 101.2000 -36.6700
-2.8091471313e+00 1.1909788979e+00 1.1088767219e+01
97 88 64
10 13 4859 -32.2700 -45.0800 15 5299 -151.5400 -49.5700 14 5020 -96.9000 -44.3600 17 5504 -92.4300 -31.9300 11 4131 -9.1800 -36.2600 9 6495 25.6500 -45.1500 10 6071 -7.8400 -28.9000 6 7443 81.8400 -47.1000 5 5206 100.9800 -14.7100 4 4993 107.7400 -33.7500
-2.7000111248e+00 1.4841095741e+00 1.1231597056e+01
92 81 57
13 13 3173 1.3800 46.8700 15 3466 -114.8500 40.8700 14 3344 -63.8500 46.4900 16 3331 -85.6900 56.1700 17 4640 -72.2800 60.2600 11 3136 23.4300 68.8500 9 3421 65.8200 60.1500 10 3203 29.3300 68.7500 6 3935 119.0900 56.0700 7 3932 132.8000 80.7700 8 3800 116.2400 45.6700 5 3870 131.7800 89.2300 4 5214 134.6700 72.0200
-2.6806365139e+00 1.4800198192e+00 1.1242337633e+01
97 84 62
13 13 4011 7.9700 45.7500 15 4384 -109.3100 38.8600 14 4154 -57.3800 44.9800 16 4154 -79.8300 54.3100 12 3311 -7.1500 57.0900 11 3134 31.5500 68.6700 9 3423 73.7600 60.3300 10 4711 37.2000 68.2200 6 5660 125.5000 57.1400 7 3933 139.3100 82.0500 8 3801 123.8100 46.4900 5 5505 137.4200 90.7400 4 5216 139.4400 74.0200
-2.6871391200e+00 1.4825340911e+00 1.1249284124e+01
97 84 62
