# Bundle file v0.3
101 242
0 0 0
0 0 0
0 0 0
0 0 0
0 0 0
0 0 0
0 0 0
0 0 0
0 0 0
0 0 0
0 0 0
0 0 0
0 0 0
0 0 0
0 0 0
0 0 0
0 0 0
0 0 0
0 0 0
0 0 0
0 0 0
0 0 0
0 0 0
0 0 0
0 0 0
0 0 0
0 0 0
0 0 0
0 0 0
0 0 0
0 0 0
0 0 0
0 0 0
0 0 0
0 0 0
0 0 0
0 0 0
0 0 0
0 0 0
0 0 0
0 0 0
0 0 0
0 0 0
0 0 0
0 0 0
0 0 0
0 0 0
0 0 0
0 0 0
0 0 0
0 0 0
0 0 0
0 0 0
0 0 0
0 0 0
0 0 0
0 0 0
0 0 0
0 0 0
0 0 0
0 0 0
0 0 0
0 0 0
0 0 0
0 0 0
0 0 0
0 0 0
0 0 0
0 0 0
0 0 0
0 0 0
0 0 0
0 0 0
0 0 0
0 0 0
0 0 0
0 0 0
0 0 0
0 0 0
0 0 0
0 0 0
0 0 0
0 0 0
0 0 0
0 0 0
0 0 0
0 0 0
0 0 0
0 0 0
0 0 0
0 0 0
0 0 0
0 0 0
0 0 0
0 0 0
5.3200000000e+02 0.0000000000e+00 0.0000000000e+00
-8.9244419555e-01 -4.2367410805e-01 1.5506001421e-01
4.4445308759e-01 -7.6659069938e-01 4.6346537363e-01
-7.7490714047e-02 4.8253388461e-01 8.7244268548e-01
1.9191196007e-01 3.5543039122e+00 6.2063870116e+00
5.3200000000e+02 0.0000000000e+00 0.0000000000e+00
8.8824122187e-01 2.7312924975e-01 -3.6936153659e-01
-4.4297836550e-01 7.2218014219e-01 -5.3124947993e-01
1.2164579513e-01 6.3549685693e-01 7.6246052053e-01
-1.7275533609e+00 -4.0383608496e+00 5.5244089478e+00
5.3200000000e+02 0.0000000000e+00 0.0000000000e+00
9.3167930681e-01 3.4553103629e-01 -1.1216939076e-01
-3.5533493347e-01 9.3099990049e-01 -8.3524070454e-02
7.5569533014e-02 1.1767535107e-01 9.9017258972e-01
1.3195256926e-01 -7.7040169937e-01 7.0120764217e+00
5.3200000000e+02 0.0000000000e+00 0.0000000000e+00
9.2168218361e-01 3.3763237927e-01 -1.9106629449e-01
-3.8635140670e-01 8.4345692889e-01 -3.7324656683e-01
3.5136063548e-02 4.1783344239e-01 9.0784396867e-01
-4.3423822261e-01 -2.8492250249e+00 6.4370682165e+00
5.3200000000e+02 0.0000000000e+00 0.0000000000e+00
9.5471347565e-01 2.4586055416e-01 -1.6755526647e-01
-2.9189266096e-01 8.8306220743e-01 -3.6742320598e-01
5.7626850445e-02 3.9969203860e-01 9.1483628065e-01
-2.5124111646e-01 -2.7107247862e+00 6.5062222030e+00
5.3200000000e+02 0.0000000000e+00 0.0000000000e+00
9.5427754217e-01 2.4749268901e-01 -1.6763574022e-01
-2.9183869280e-01 8.9273237059e-01 -3.4330611979e-01
6.4688097016e-02 3.7653191550e-01 9.2414239526e-01
-2.5245691972e-01 -2.5419028528e+00 6.5741317397e+00
5.3200000000e+02 0.0000000000e+00 0.0000000000e+00
9.4745598640e-01 2.4930122131e-01 -2.0043965396e-01
-3.0075558154e-01 9.0767530799e-01 -2.9269713943e-01
1.0896437031e-01 3.3760100165e-01 9.3496113806e-01
-4.8818945336e-01 -2.1950760887e+00 6.6851023617e+00
5.3200000000e+02 0.0000000000e+00 0.0000000000e+00
9.4974950540e-01 2.5247752455e-01 -1.8501615226e-01
-2.8982576530e-01 9.3258443634e-01 -2.1514482299e-01
1.1822395174e-01 2.5795613715e-01 9.5889609893e-01
-3.7747302930e-01 -1.6390015784e+00 6.8498687788e+00
5.3200000000e+02 0.0000000000e+00 0.0000000000e+00
9.8894075014e-01 6.4453724613e-02 -1.3357361301e-01
-9.4472798117e-02 9.6803564027e-01 -2.3234003008e-01
1.1432883767e-01 2.4238959661e-01 9.6341901597e-01
-1.1846268098e-02 -1.5685900983e+00 6.8715283395e+00
5.3200000000e+02 0.0000000000e+00 0.0000000000e+00
9.9747471568e-01 -8.0762271636e-03 -7.0561789440e-02
3.4360290427e-04 9.9405068621e-01 -1.0891792861e-01
7.1021641147e-02 1.0861863464e-01 9.9154320062e-01
4.2351972058e-01 -6.0380292383e-01 7.0104198618e+00
5.3200000000e+02 0.0000000000e+00 0.0000000000e+00
9.9639203731e-01 4.8569346193e-02 -6.9598323227e-02
-6.8872405105e-02 9.4192961460e-01 -3.2867186213e-01
4.9593344318e-02 3.3227943023e-01 9.4187625538e-01
4.3900310425e-01 -2.2158999392e+00 6.6793789854e+00
5.3200000000e+02 0.0000000000e+00 0.0000000000e+00
9.9730447081e-01 3.1311926271e-03 -7.3307490286e-02
-1.6506254160e-02 9.8305459668e-01 -1.8256835301e-01
7.1493608616e-02 1.8328626675e-01 9.8045642858e-01
4.0745453127e-01 -1.1368839395e+00 6.9463090092e+00
5.3200000000e+02 0.0000000000e+00 0.0000000000e+00
9.9828468201e-01 -1.3327124682e-02 -5.7009485318e-02
9.6053165702e-03 9.9783467814e-01 -6.5066834906e-02
5.7753195254e-02 6.4407630439e-02 9.9625108561e-01
5.1991667810e-01 -2.8674614178e-01 7.0250456623e+00
5.3200000000e+02 0.0000000000e+00 0.0000000000e+00
9.9080065311e-01 -1.0248220130e-01 -8.8382488189e-02
1.0733528339e-01 9.9286128181e-01 5.2015497976e-02
8.2420887778e-02 -6.1023548782e-02 9.9472756258e-01
2.7866096486e-01 6.2597305042e-01 7.0164300747e+00
5.3200000000e+02 0.0000000000e+00 0.0000000000e+00
9.8991564710e-01 -6.6330990862e-02 -1.2516873122e-01
4.1940846136e-02 9.8121862832e-01 -1.8828427673e-01
1.3530697339e-01 1.8113586914e-01 9.7410565128e-01
2.7331850343e-02 -1.1136569564e+00 6.9600434184e+00
5.3200000000e+02 0.0000000000e+00 0.0000000000e+00
9.8882899941e-01 -7.5537644124e-02 -1.2849620320e-01
6.8704061094e-02 9.9601807372e-01 -5.6813280267e-02
1.3227608214e-01 4.7350408085e-02 9.9008129815e-01
1.9682490349e-03 -1.6726954419e-01 7.0468142883e+00
5.3200000000e+02 0.0000000000e+00 0.0000000000e+00
9.8758143558e-01 -8.1381776975e-02 -1.3438718118e-01
8.6491323654e-02 9.9571838238e-01 3.2621372191e-02
1.3115700142e-01 -4.3839586761e-02 9.9039180712e-01
-4.1237956490e-02 4.7463356232e-01 7.0328902408e+00
5.3200000000e+02 0.0000000000e+00 0.0000000000e+00
9.8875622277e-01 -8.3631178303e-02 -1.2396353479e-01
9.8668552094e-02 9.8778604049e-01 1.2059541882e-01
1.1236391222e-01 -1.3147077329e-01 9.8493136157e-01
3.2327730322e-02 1.0988231845e+00 6.9631357225e+00
5.3200000000e+02 0.0000000000e+00 0.0000000000e+00
9.8790949473e-01 -8.0879468228e-02 -1.3226239772e-01
1.0388981365e-01 9.7861140820e-01 1.7755736637e-01
1.1507274591e-01 -1.8915132395e-01 9.7518205469e-01
-2.5832727745e-02 1.4999597544e+00 6.8876258345e+00
5.3200000000e+02 0.0000000000e+00 0.0000000000e+00
9.8633276696e-01 -1.2494958907e-01 -1.0740238833e-01
1.4338046655e-01 9.7205706673e-01 1.8586850416e-01
8.1177057346e-02 -1.9872760055e-01 9.7668706664e-01
1.3903930691e-01 1.5987012093e+00 6.8679184766e+00
5.3200000000e+02 0.0000000000e+00 0.0000000000e+00
9.7809848242e-01 -1.5796604532e-01 -1.3553629484e-01
1.7825835782e-01 9.7191372750e-01 1.5364785766e-01
1.0745844108e-01 -1.7444321375e-01 9.7878610974e-01
-7.1213887324e-02 1.4079738323e+00 6.9102732086e+00
5.3200000000e+02 0.0000000000e+00 0.0000000000e+00
9.7349409200e-01 -1.7171169427e-01 -1.5107728783e-01
2.0249117108e-01 9.5418871890e-01 2.2027531491e-01
1.0633239620e-01 -2.4502853461e-01 9.6366718256e-01
-1.8643169653e-01 1.8960289248e+00 6.7905976913e+00
0 0 0
0 0 0
0 0 0
0 0 0
0 0 0
0 0 0
0 0 0
0 0 0
0 0 0
0 0 0
0 0 0
0 0 0
0 0 0
0 0 0
0 0 0
0 0 0
0 0 0
0 0 0
0 0 0
0 0 0
0 0 0
0 0 0
0 0 0
0 0 0
0 0 0
0 0 0
0 0 0
0 0 0
0 0 0
0 0 0
0 0 0
0 0 0
0 0 0
0 0 0
0 0 0
0 0 0
0 0 0
0 0 0
0 0 0
0 0 0
0 0 0
0 0 0
0 0 0
0 0 0
0 0 0
0 0 0
0 0 0
0 0 0
0 0 0
0 0 0
0 0 0
0 0 0
0 0 0
0 0 0
0 0 0
0 0 0
0 0 0
0 0 0
0 0 0
0 0 0
0 0 0
0 0 0
0 0 0
0 0 0
0 0 0
0 0 0
0 0 0
0 0 0
0 0 0
0 0 0
0 0 0
0 0 0
0 0 0
0 0 0
0 0 0
0 0 0
0 0 0
0 0 0
0 0 0
0 0 0
0 0 0
0 0 0
0 0 0
0 0 0
0 0 0
0 0 0
0 0 0
0 0 0
0 0 0
0 0 0
0 0 0
0 0 0
0 0 0
0 0 0
0 0 0
0 0 0
0 0 0
0 0 0
0 0 0
0 0 0
0 0 0
0 0 0
0 0 0
0 0 0
0 0 0
0 0 0
0 0 0
0 0 0
0 0 0
0 0 0
0 0 0
0 0 0
0 0 0
0 0 0
0 0 0
0 0 0
0 0 0
0 0 0
0 0 0
0 0 0
0 0 0
0 0 0
0 0 0
0 0 0
0 0 0
0 0 0
0 0 0
0 0 0
0 0 0
0 0 0
0 0 0
0 0 0
0 0 0
0 0 0
0 0 0
0 0 0
0 0 0
0 0 0
0 0 0
0 0 0
0 0 0
0 0 0
0 0 0
0 0 0
0 0 0
0 0 0
0 0 0
0 0 0
0 0 0
0 0 0
0 0 0
0 0 0
0 0 0
0 0 0
0 0 0
0 0 0
0 0 0
0 0 0
0 0 0
0 0 0
0 0 0
0 0 0
0 0 0
0 0 0
0 0 0
0 0 0
0 0 0
0 0 0
0 0 0
0 0 0
0 0 0
0 0 0
0 0 0
0 0 0
0 0 0
0 0 0
0 0 0
0 0 0
0 0 0
0 0 0
0 0 0
0 0 0
0 0 0
0 0 0
0 0 0
0 0 0
0 0 0
0 0 0
0 0 0
0 0 0
0 0 0
0 0 0
0 0 0
0 0 0
0 0 0
0 0 0
0 0 0
0 0 0
0 0 0
0 0 0
0 0 0
0 0 0
0 0 0
0 0 0
0 0 0
0 0 0
0 0 0
0 0 0
0 0 0
0 0 0
0 0 0
0 0 0
0 0 0
0 0 0
0 0 0
5.3200000000e+02 0.0000000000e+00 0.0000000000e+00
9.3765667346e-01 3.2161094962e-01 -1.3178148507e-01
-3.4469610351e-01 8.1188873797e-01 -4.7119133416e-01
-4.4548388835e-02 4.8724026337e-01 8.7213093444e-01
-2.4635162680e-03 -3.5022194669e+00 6.1343370398e+00
5.3200000000e+02 0.0000000000e+00 0.0000000000e+00
9.7456671559e-01 2.1754502426e-01 -5.3794788638e-02
-2.2322934710e-01 9.2129520857e-01 -3.1840822422e-01
-1.9707243845e-02 3.2231863284e-01 9.4642607924e-01
5.6193943439e-01 -2.2953378959e+00 6.6521917940e+00
5.3200000000e+02 0.0000000000e+00 0.0000000000e+00
9.9544635382e-01 2.7788663995e-02 -9.1183040180e-02
-4.3248771606e-02 9.8410615743e-01 -1.7223418551e-01
8.4947633385e-02 1.7539344645e-01 9.8082671177e-01
2.8868583987e-01 -1.0903531668e+00 6.9689041666e+00
5.3200000000e+02 0.0000000000e+00 0.0000000000e+00
9.9683841673e-01 -4.4968243097e-02 -6.5505939025e-02
4.4889789947e-02 9.9898837788e-01 -2.6697592836e-03
6.5559726153e-02 -2.7922922588e-04 9.9784860792e-01
4.5837629584e-01 1.8953069832e-01 7.0434037028e+00
5.3200000000e+02 0.0000000000e+00 0.0000000000e+00
9.9076387410e-01 -1.2128010251e-01 -6.0647197133e-02
1.2743643575e-01 9.8563526662e-01 1.1082903972e-01
4.6334659018e-02 -1.1753407140e-01 9.9198731919e-01
4.7413411425e-01 1.0618915560e+00 6.9661342363e+00
5.3200000000e+02 0.0000000000e+00 0.0000000000e+00
9.7737153483e-01 -2.0651870563e-01 -4.5770155333e-02
2.1146730509e-01 9.5919730610e-01 1.8767553609e-01
5.1441009044e-03 -1.9310761816e-01 9.8116409740e-01
5.5106811205e-01 1.6768822373e+00 6.8412579675e+00
0 0 0
0 0 0
0 0 0
0 0 0
0 0 0
0 0 0
0 0 0
0 0 0
0 0 0
0 0 0
0 0 0
0 0 0
0 0 0
0 0 0
0 0 0
5.3200000000e+02 0.0000000000e+00 0.0000000000e+00
9.7504413950e-01 -2.0435476099e-01 -8.6764380261e-02
2.1351516493e-01 9.7023334425e-01 1.1427393430e-01
6.0829272290e-02 -1.2994764090e-01 9.8965317675e-01
2.6193763007e-01 1.1647662691e+00 6.9622301639e+00
0 0 0
0 0 0
0 0 0
0 0 0
0 0 0
0 0 0
0 0 0
0 0 0
0 0 0
0 0 0
0 0 0
0 0 0
0 0 0
0 0 0
0 0 0
0 0 0
0 0 0
0 0 0
0 0 0
0 0 0
0 0 0
0 0 0
0 0 0
0 0 0
0 0 0
0 0 0
0 0 0
0 0 0
0 0 0
0 0 0
0 0 0
0 0 0
0 0 0
0 0 0
0 0 0
-9.2880074531e-01 -1.5521879775e-01 -7.0437736491e+00
30 31 52
27 28 44 -50.2500 47.6900 32 66 -37.5100 21.3400 27 52 -5.0600 17.1200 29 50 -44.8700 130.7100 30 48 -36.7600 78.1300 31 43 -42.2100 39.6600 33 95 -12.1600 162.9000 34 74 -7.5800 96.4300 35 78 -4.5900 56.1100 36 63 -9.8100 8.4200 86 37 11.6900 81.1600 87 50 -1.0300 95.7000 23 46 31.0500 76.5900 24 42 25.0600 52.5000 25 48 37.1100 17.7100 26 43 32.6200 -20.7000 37 68 -4.3800 -21.3900 84 22 49.1500 97.0900 85 22 11.6000 98.0500 22 46 20.0800 40.8300 19 34 41.1100 6.4800 20 37 50.9800 -3.3500 21 48 24.6000 1.8900 38 81 -21.9700 19.5100 39 76 -16.1200 52.5100 88 69 -12.1600 79.0500 93 77 -21.2400 92.6500
-9.2788732585e-01 -1.5730840403e-01 -7.0418044758e+00
23 21 21
28 28 42 -43.8300 30.2500 32 65 -28.7500 6.7600 27 68 -1.1100 -2.5900 29 64 -38.8200 109.7500 30 47 -29.7200 59.4300 33 94 -3.3400 146.9800 34 73 1.3300 82.0900 35 77 4.2200 42.4500 36 62 -1.0200 -5.0800 86 50 20.5400 59.1600 87 49 10.7000 78.4900 23 76 29.1600 51.6300 24 53 23.7700 27.5800 25 83 35.9300 -5.7800 26 74 31.0400 -44.3500 37 67 4.2300 -34.8300 84 43 47.6100 67.7000 85 29 15.1300 72.9300 22 58 16.1100 15.6500 19 49 33.7300 -19.8300 20 73 43.2300 -29.2000 21 61 19.8500 -24.3200 38 69 -11.6200 7.4700 39 75 -5.5400 41.9000 88 67 2.4500 64.3200 93 63 -5.0900 79.8600 40 81 -0.0100 33.0800 89 70 -20.6000 68.1300
-9.2419398178e-01 -1.5745057087e-01 -7.0451166777e+00
26 27 30
21 28 41 -8.7000 28.4000 32 64 5.9800 5.7300 27 67 31.9000 -4.1300 29 63 -1.8300 106.7500 30 46 5.9300 57.1300 33 93 32.0900 143.9300 34 72 35.4000 79.3300 35 76 37.7900 39.9200 36 61 32.3400 -7.4900 86 49 60.3800 54.7700 23 75 63.0400 48.3300 24 76 57.7400 24.4600 25 82 68.7900 -9.5300 26 73 64.3900 -48.3500 37 66 37.4200 -37.0500 84 42 86.2100 56.9400 85 41 52.3600 64.1500 22 80 49.6800 13.5700 19 67 68.1400 -19.2900 20 74 77.2900 -27.4700 21 85 53.8500 -23.4700
-9.2513448471e-01 -1.6131595504e-01 -7.0393320091e+00
93 90 102
25 28 73 -20.6300 -7.4800 32 74 -2.0100 -25.3300 27 110 18.6500 -44.1900 29 114 -15.2600 65.6700 30 75 -5.6600 19.6400 31 55 -11.0200 -14.7600 33 110 22.9500 112.5100 34 88 27.4400 50.5600 35 90 30.2300 12.1700 36 73 25.1200 -35.4200 86 69 49.9300 10.3800 87 62 44.2400 38.6600 23 120 40.4600 1.2000 24 116 35.5900 -22.4600 25 131 47.1400 -55.1700 26 126 42.6000 -94.8500 37 80 30.3100 -65.1000 84 69 60.4100 2.8000 85 50 34.9500 17.1100 22 123 23.0100 -32.9400 21 162 26.1400 -72.3100 38 79 16.9600 -19.5700 39 73 23.2400 17.7700 88 66 39.3000 30.7000 93 62 34.9500 50.5900
-9.2372273043e-01 -1.6137347115e-01 -7.0407835552e+00
95 93 105
15 28 94 -6.5300 -7.3700 32 97 12.3600 -25.0900 27 140 31.7800 -43.5400 29 146 -0.7200 65.9800 30 96 8.6900 19.7300 31 79 3.2900 -14.8600 86 89 66.0400 10.2500 23 163 53.5600 1.7800 24 152 48.9100 -21.9900 25 173 60.2100 -55.0600 26 154 55.9100 -94.7800 84 84 75.9200 1.6100 85 106 50.0600 15.8100 22 157 36.0000 -32.4000 21 164 39.2300 -70.8100
-9.3659490208e-01 -1.5126320352e-01 -7.0459789208e+00
64 64 74
10 28 47 -112.6100 81.2400 32 49 -98.6800 44.8800 27 69 -64.6400 56.9400 30 36 -99.8200 113.0100 31 30 -103.0000 70.9600 86 40 -62.6900 124.7500 23 62 -28.7600 138.8800 25 62 -18.6300 74.9700 26 56 -23.0400 36.8800 85 23 -56.5900 159.3800
-9.2366048007e-01 -1.6134317349e-01 -7.0405676899e+00
95 93 105
23 28 95 -6.5300 -7.3700 32 98 12.3600 -25.0900 27 141 31.7800 -43.5400 29 147 -0.7200 65.9800 30 97 8.6900 19.7300 31 80 3.2900 -14.8600 33 136 37.4100 112.0400 34 104 41.5000 50.0400 35 107 44.1800 11.5300 36 87 39.0100 -35.9300 86 90 66.0400 10.2500 87 77 60.8800 37.1200 23 164 53.5600 1.7800 24 153 48.9100 -21.9900 25 174 60.2100 -55.0600 26 155 55.9100 -94.7800 37 88 44.2300 -65.3600 84 85 75.9200 1.6100 38 95 31.4300 -20.2100 39 84 37.6500 17.3900 88 81 56.2800 29.4600 93 74 52.6300 50.4900 40 99 42.8700 11.2200
-9.2849588705e-01 -1.6103530015e-01 -7.0368441724e+00
96 92 107
23 28 96 -55.4200 -6.0800 32 99 -36.9200 -24.6100 27 142 -13.6200 -43.4900 29 148 -51.6100 67.4800 30 98 -41.0800 21.1600 31 81 -45.6800 -12.8200 33 137 -12.2000 115.1300 34 105 -6.7800 53.0000 35 108 -3.6700 14.5700 36 88 -8.7600 -33.1900 86 91 9.5200 13.3700 87 78 2.9400 44.1300 23 165 8.1100 2.3800 24 154 3.0000 -20.8300 25 175 15.2100 -52.9500 26 157 10.1800 -92.2400 37 89 -3.3100 -62.8700 84 88 21.6800 9.8700 38 96 -18.6000 -17.0100 39 85 -11.8300 19.7100 88 82 -2.9600 35.3500 93 75 -9.0300 52.6000 89 76 -24.7200 44.1900
-9.2943474401e-01 -1.6087120202e-01 -7.0361018111e+00
97 94 113
14 28 98 -65.8000 -5.1700 32 101 -47.3500 -23.9900 27 145 -23.3200 -42.7700 29 150 -62.4900 68.5800 30 100 -51.6900 22.1700 31 84 -56.0100 -11.8400 33 140 -22.6500 116.2900 86 93 -2.7100 14.8400 23 167 -1.6400 3.3800 24 155 -6.8000 -19.7100 25 177 5.6600 -51.5600 26 159 0.5000 -90.7400 84 90 9.8900 12.9000 85 81 -14.2000 26.4500
-9.1949441736e-01 -1.6183342976e-01 -7.0446875204e+00
90 89 105
11 28 117 30.9800 -8.9100 32 116 50.1000 -26.0100 27 176 66.9900 -44.1200 29 191 37.9200 64.0100 30 127 46.7300 17.9300 31 100 40.5400 -16.8700 33 165 75.8400 109.1400 86 123 108.6500 7.4200 24 212 83.8500 -23.4800 25 243 94.9000 -57.4700 26 219 91.2200 -97.5400
-9.3691570555e-01 -1.5392976828e-01 -7.0442743758e+00
55 58 65
12 28 5 -114.8600 60.5900 32 7 -100.8700 23.2700 27 5 -71.4700 32.7800 29 6 -119.2100 151.2300 30 6 -106.4900 91.9500 31 6 -109.9500 49.0200 33 6 -79.4800 169.1200 34 7 -72.8400 100.4600 35 9 -68.1300 57.5600 86 2 -72.3800 94.5900 87 6 -84.1400 103.6300 37 9 -67.4500 -18.4300
-9.3721981131e-01 -1.6535317408e-01 -7.0400207872e+00
50 56 63
20 28 8 -129.3500 -46.3300 32 9 -107.3900 -73.1900 27 13 -86.0600 -69.9300 29 9 -128.2700 32.5000 30 8 -116.4600 -16.4400 31 8 -120.9800 -52.7700 33 8 -82.7600 68.5000 34 10 -76.2600 6.8900 35 10 -72.0900 -32.4500 36 8 -77.9700 -81.0800 86 3 -84.4200 -27.6900 87 9 -89.7900 -13.6600 37 7 -72.6900 -111.4100 85 4 -101.6100 6.4600 38 12 -92.4000 -80.2300 39 14 -80.4000 -44.3900 88 14 -97.2500 -41.7100 93 13 -98.3800 -34.7500 40 13 -71.4100 -49.4700 89 12 -116.6000 -43.4200
-9.1498298978e-01 -1.6883248863e-01 -7.0502788658e+00
103 105 104
12 28 28 64.0300 -60.0400 32 34 89.5400 -82.3200 27 46 94.3900 -85.6700 29 41 67.3300 14.1300 30 34 78.4100 -33.7400 31 27 73.3400 -70.1700 33 42 110.1400 49.7300 34 37 114.6500 -10.7200 35 43 118.3200 -49.8500 36 36 114.8800 -97.6600 86 11 138.8500 -51.6900 37 38 121.1600 -128.1000
-9.3471633782e-01 -1.6058055764e-01 -7.0348338427e+00
39 48 51
20 28 39 -121.7300 -3.2600 32 46 -103.0100 -24.7100 27 66 -74.2300 -40.6600 29 46 -121.4700 72.1200 30 44 -108.6000 24.3100 31 41 -112.1200 -9.8400 33 46 -78.6900 118.2600 34 53 -71.0000 55.2100 35 56 -66.8900 16.4600 36 46 -72.1000 -31.3400 86 35 -69.6700 18.6600 87 38 -78.0200 50.3400 37 47 -66.1500 -61.1700 85 28 -77.9200 36.8900 38 42 -84.7300 -18.4000 39 37 -76.5900 16.5700 88 38 -85.3600 35.6400 93 34 -93.5600 46.2900 40 35 -69.2100 11.1900 89 37 -110.2500 40.7900
-9.3520068731e-01 -1.6738134778e-01 -7.0386609642e+00
76 83 93
19 28 89 -112.8000 -65.2000 32 92 -90.9000 -94.3200 27 136 -70.8200 -88.1800 29 108 -112.9500 12.5000 30 71 -100.3500 -37.4300 31 75 -104.9700 -74.3800 34 84 -61.1500 -13.9800 35 104 -57.3900 -52.9700 36 83 -63.1900 -101.5800 86 62 -66.6300 -54.6500 87 71 -71.7300 -39.1600 37 76 -57.9600 -131.8100 85 71 -87.9800 -24.2700 38 77 -72.9700 -92.9500 39 69 -62.0800 -56.8100 88 77 -73.5700 -57.5200 93 58 -72.2700 -48.9700 40 75 -54.4800 -62.6100 89 61 -91.0500 -60.1600
-9.2952309885e-01 -1.6082812227e-01 -7.0366972629e+00
97 94 113
20 28 97 -65.8000 -5.1700 32 100 -47.3500 -23.9900 27 144 -23.3200 -42.7700 29 149 -62.4900 68.5800 30 99 -51.6900 22.1700 31 83 -56.0100 -11.8400 33 139 -22.6500 116.2900 34 106 -17.0400 53.9600 35 109 -13.6600 15.5800 36 89 -18.8000 -32.3200 86 92 -2.7100 14.8400 87 79 -9.5300 46.1700 37 90 -13.2800 -61.8500 84 89 9.8900 12.9000 85 80 -14.2000 26.4500 38 105 -29.0900 -15.8700 39 97 -22.2400 20.6500 88 92 -15.6400 37.1300 93 84 -22.2600 53.4600 89 87 -37.9800 45.5300
-9.1945623417e-01 -1.6178007290e-01 -7.0436203769e+00
90 89 105
8 28 116 30.9800 -8.9100 32 115 50.1000 -26.0100 27 175 66.9900 -44.1200 29 190 37.9200 64.0100 30 126 46.7300 17.9300 31 99 40.5400 -16.8700 33 164 75.8400 109.1400 86 122 108.6500 7.4200
-9.3883080373e-01 -1.5236942592e-01 -7.0424677267e+00
66 68 73
14 28 18 -138.2000 74.4100 32 29 -124.6700 38.5900 29 14 -141.4900 167.0800 30 21 -128.0100 106.1600 31 13 -130.3600 62.9700 33 23 -103.2500 184.6500 34 20 -94.5900 114.7100 35 24 -89.6100 72.5500 36 24 -93.9200 24.0500 87 14 -109.4700 124.1400 38 27 -108.9600 32.9300 39 28 -101.6600 62.5200 88 30 -120.3900 98.4600 40 37 -94.0600 50.6100
-9.3182167193e-01 -1.6287131517e-01 -7.0348761140e+00
86 97 119
16 28 37 -91.3600 -26.9000 32 44 -71.2600 -46.2600 31 39 -81.5900 -33.6400 33 61 -46.7900 94.6600 34 51 -40.6600 33.2700 35 54 -36.9100 -4.8800 36 45 -42.0900 -52.8100 86 33 -33.8600 -11.4400 87 36 -39.8500 21.3200 37 46 -36.5300 -82.6200 38 53 -52.8900 -36.6800 39 51 -44.8300 0.0500 88 48 -44.9300 11.7600 93 33 -50.5200 25.8400 40 50 -38.0900 -4.5400 89 36 -66.9900 19.1400
-9.2673528600e-01 -1.5229405156e-01 -7.0506746637e+00
76 73 87
6 28 45 -25.9100 69.6300 32 48 -15.0000 37.6000 33 64 10.8500 179.1000 35 79 16.3500 69.4900 36 64 11.1000 22.1200 86 51 36.6100 107.2700
-1.0630020512e+00 -4.6892345292e-02 -7.3202418468e+00
118 116 117
12 28 49 -186.4500 193.1100 32 103 -180.0400 92.1400 31 66 -190.1200 170.4400 34 89 -158.0600 157.6300 35 91 -151.4500 108.0800 36 74 -154.3400 60.7100 37 92 -148.2900 31.1500 38 82 -168.5800 26.8400 39 74 -159.4700 37.5700 88 94 -196.1300 72.2500 93 83 -195.1100 52.4400 89 74 -216.1100 18.6400
-9.1821238515e-01 -1.6865057686e-01 -7.0496479281e+00
88 94 100
18 28 69 39.4800 -59.1700 32 43 64.9500 -82.8800 29 109 42.0100 15.9500 30 72 53.7200 -32.3400 31 53 48.4000 -69.2400 33 91 85.0800 49.3100 34 66 89.8100 -11.3900 35 69 93.4100 -50.6000 36 56 89.8100 -98.2900 86 81 107.5900 -51.3000 87 58 109.3700 -42.1800 37 61 95.7700 -128.9900 38 61 86.9000 -89.5400 39 57 95.1800 -51.4200 88 61 112.9300 -55.5400 93 60 119.4500 -34.2900 40 61 101.9100 -59.5600 89 53 104.6700 -50.5000
-9.3342455102e-01 -1.6750070842e-01 -7.0392456971e+00
70 76 97
10 28 90 -95.4000 -64.5300 32 71 -73.0000 -92.6900 30 91 -82.4100 -37.5800 33 107 -50.0200 47.5100 34 83 -44.2700 -13.4200 35 86 -40.6100 -52.4100 87 59 -49.5900 -39.2700 37 75 -40.5400 -131.3200 88 53 -50.9000 -56.6300 93 48 -49.3400 -46.6100
-9.3604621287e-01 -1.6415206347e-01 -7.0346404545e+00
88 93 97
11 28 92 -133.1400 -39.9200 32 96 -112.6000 -64.1000 30 94 -120.4700 -13.0700 31 78 -124.4400 -47.3500 33 134 -87.8900 78.4500 34 102 -80.9900 17.2800 35 105 -76.9900 -21.0500 36 85 -82.5700 -69.5800 86 87 -87.2800 -26.0800 87 74 -93.7800 2.2600 37 86 -76.9200 -99.4300
-9.3317784472e-01 -1.7293747065e-01 -7.0336197936e+00
176 176 176
4 28 0 -104.8200 -131.8900 29 0 -104.7100 -53.8200 24 1 -76.9100 -112.3600 25 1 -59.8200 -158.3600
-9.1504009464e-01 -1.7338873965e-01 -7.0493137078e+00
171 173 170
4 28 4 64.4200 -94.4600 30 5 75.4900 -67.2800 31 3 78.8000 -110.8900 85 2 87.5300 -84.8000
-9.2222947773e-01 -1.5344672088e-01 -7.0530808437e+00
66 65 81
7 28 15 10.0400 59.1000 27 20 52.6300 34.7400 29 13 18.4900 145.8400 30 19 24.0300 90.2100 31 16 16.3500 49.9500 86 8 76.0900 93.2500 85 11 73.3300 110.0700
-1.0636941836e+00 -4.6977949170e-02 -7.3345007189e+00
124 122 123
6 28 19 -179.3700 185.9600 31 18 -182.6500 163.0900 34 21 -150.5800 151.2700 35 25 -144.0600 101.7700 36 25 -147.2000 54.6700 87 22 -178.5000 135.6600
-9.3606955611e-01 -1.6788541926e-01 -7.0378137042e+00
177 179 178
15 28 33 -121.9600 -70.6700 29 57 -121.7600 5.4900 30 30 -109.3800 -44.5700 34 46 -70.8300 -19.0600 36 43 -72.3300 -106.8800 86 27 -77.9800 -62.3300 87 34 -83.4200 -45.1900 37 36 -67.8200 -138.1600 85 25 -100.2200 -30.5000 38 49 -83.1300 -98.6600 39 46 -72.2000 -62.7900 88 46 -86.3200 -64.6400 93 43 -84.3400 -56.8800 40 44 -64.6300 -68.6900 89 31 -104.0800 -68.9200
-9.2589840247e-01 -1.6788989526e-01 -7.0441990183e+00
75 86 108
2 28 34 -23.0400 -60.9000 27 106 11.3000 -85.1000
-9.3678804428e-01 -1.6684200490e-01 -7.0379515935e+00
46 53 59
7 28 35 -128.7300 -60.6100 27 59 -86.0200 -85.0200 29 59 -128.5900 15.9700 30 40 -116.3200 -33.7800 31 28 -121.6900 -69.3100 86 29 -85.1000 -49.9000 85 37 -107.8400 -17.7900
-9.3638848953e-01 -1.6070480200e-01 -7.0358330879e+00
151 160 163
5 28 38 -133.9900 -4.4400 29 62 -135.1800 74.0600 30 43 -121.5600 23.8300 31 42 -124.9400 -11.7500 86 34 -86.0900 18.5400
-9.2831219070e-01 -1.5223466280e-01 -7.0491531952e+00
78 76 90
3 28 46 -39.4800 71.4100 33 65 -3.3700 181.1700 86 39 21.4200 109.2700
-9.2583643977e-01 -1.6799730387e-01 -7.0445160445e+00
73 84 106
10 28 56 -22.9400 -61.5800 29 58 -21.5100 15.0800 30 60 -9.6900 -34.4000 31 52 -13.9600 -71.3600 33 57 22.1100 49.4900 34 49 27.6700 -11.9000 35 52 30.6000 -50.2800 86 46 37.6500 -52.1400 38 52 22.0000 -89.7300 93 49 45.3600 -39.3800
-9.2033262529e-01 -1.6844528685e-01 -7.0481604948e+00
77 85 107
17 28 57 24.2500 -60.2900 32 33 46.6600 -84.1000 27 83 55.6400 -83.6700 29 86 26.4800 15.7500 30 41 37.4700 -32.8500 31 36 32.3800 -69.8700 33 43 67.7600 49.5100 34 48 73.8000 -12.2200 35 44 76.0300 -50.3800 36 37 72.2900 -98.3900 86 28 90.1700 -51.0100 87 29 90.3500 -40.6000 37 39 77.9500 -128.6300 38 50 69.9100 -90.1700 39 47 78.7000 -52.2500 88 35 93.7500 -54.2800 93 30 99.6500 -34.2700
-9.3663149839e-01 -1.5119782695e-01 -7.0447576187e+00
65 65 75
4 28 60 -113.6100 82.0800 27 96 -65.9200 57.9900 29 65 -114.4400 175.0300 31 56 -107.0700 74.0800
-1.0706690277e+00 -3.9440671209e-02 -7.3292283330e+00
10 12 13
7 28 63 -192.6900 198.8200 31 58 -195.3900 176.7900 34 75 -163.7700 163.2800 35 80 -157.0800 113.1700 36 65 -159.5000 66.0800 87 65 -191.4900 147.5900 37 69 -153.5500 36.2500
-9.3670427916e-01 -1.6564988739e-01 -7.0360959415e+00
90 96 102
4 28 70 -134.0300 -52.7100 30 73 -121.7900 -26.0600 31 65 -125.4400 -60.2900 86 84 -90.7200 -40.9100
-9.2272180950e-01 -1.6025716566e-01 -7.0429790356e+00
32 30 38
12 28 75 2.6400 3.9000 27 146 41.4500 -30.9900 29 151 9.5800 78.6700 30 101 18.2300 31.6000 31 85 12.2900 -3.8400 86 94 75.9900 23.9900 23 168 66.3600 15.8900 24 157 61.5800 -8.0100 25 180 72.4700 -41.7100 26 161 68.3400 -81.0800 84 91 90.1400 16.9000 22 227 50.2800 -18.7100
-9.2836082926e-01 -1.5822354869e-01 -7.0406109330e+00
83 82 104
5 28 99 -49.2100 21.6700 29 155 -44.6500 99.3300 30 102 -35.1000 50.3900 31 86 -40.3400 14.3100 86 95 14.6000 48.4600
-9.3751935024e-01 -1.5761374737e-01 -7.0371448535e+00
99 104 108
5 28 100 -141.0700 26.8600 29 157 -143.1100 107.4700 30 103 -129.4900 56.1200 86 96 -96.0200 58.8500 85 86 -99.9500 87.8900
-9.4027240418e-01 -1.5349141686e-01 -7.0413494167e+00
86 90 93
4 28 102 -153.3200 63.9000 29 159 -158.5600 154.6800 30 104 -143.5200 96.5000 31 87 -146.2800 55.9100
-9.3545590528e-01 -1.6334069791e-01 -7.0347340053e+00
95 102 106
4 28 112 -126.9600 -31.5700 30 120 -114.4300 -4.9000 31 96 -117.7600 -38.2600 86 118 -79.8200 -16.5500
-9.3504398575e-01 -1.6318066575e-01 -7.0334512554e+00
95 102 106
3 28 113 -126.9600 -31.5700 30 121 -114.4300 -4.9000 31 97 -117.7600 -38.2600
-9.3443257058e-01 -1.6170378275e-01 -7.0339369665e+00
80 89 92
3 28 114 -120.1000 -15.6500 30 124 -106.8800 11.3500 31 98 -110.6700 -22.3300
-9.2564525223e-01 -1.5823833334e-01 -7.0425472300e+00
65 63 66
16 28 118 -23.0800 21.8200 27 148 18.0700 -11.9700 29 154 -16.9600 99.3200 30 128 -8.5400 50.4700 31 101 -14.2900 14.1200 86 124 45.0600 47.5800 23 124 47.0300 38.9200 24 167 41.8600 15.1900 25 188 53.4500 -18.5300 26 168 48.8300 -57.2700 84 96 68.4000 48.9900 85 108 36.6400 57.4900 22 171 32.8900 3.4500 19 151 49.6800 -30.8700 20 163 59.2000 -39.1900 21 170 36.7300 -35.3300
-9.2633480537e-01 -1.5818755503e-01 -7.0419553697e+00
64 62 63
13 28 119 -30.1500 22.6100 27 185 11.6500 -11.3200 29 192 -24.2400 100.2300 86 125 37.3200 48.6200 23 172 40.9200 39.6600 24 168 35.6600 15.9600 25 189 47.2700 -17.6400 26 169 42.6100 -56.3300 84 97 61.5400 50.9400 22 174 26.6700 4.1900 19 152 43.5400 -30.6100 20 164 52.8100 -39.1100 21 171 30.5800 -35.1000
-9.2515261512e-01 -1.5739177791e-01 -7.0441437625e+00
65 65 67
15 28 120 -17.7800 29.0600 27 189 23.7100 -3.5300 29 194 -11.0600 107.6900 30 129 -2.9000 57.9700 86 139 50.4700 56.3800 23 177 54.7300 49.1900 24 172 49.2700 25.2400 25 193 60.6400 -8.9200 26 174 56.1300 -47.6300 84 99 76.7900 60.1500 85 112 43.1500 66.8000 22 175 41.3400 13.5100 19 153 59.6000 -20.3300 20 168 68.8600 -28.7000 21 172 45.4200 -24.5200
-9.2515822469e-01 -1.5735391872e-01 -7.0440441238e+00
65 65 67
13 28 121 -17.7800 29.0600 27 190 23.7100 -3.5300 29 195 -11.0600 107.6900 23 178 54.7300 49.1900 24 173 49.2700 25.2400 25 194 60.6400 -8.9200 26 175 56.1300 -47.6300 84 100 76.7900 60.1500 85 113 43.1500 66.8000 22 176 41.3400 13.5100 19 154 59.6000 -20.3300 20 169 68.8600 -28.7000 21 173 45.4200 -24.5200
-9.2700871943e-01 -1.5725554297e-01 -7.0425632317e+00
66 64 65
14 28 122 -35.1900 30.6600 27 191 7.1400 -2.3600 29 158 -29.4800 109.6800 30 130 -20.9100 59.7400 31 102 -26.5000 22.9200 33 166 5.3500 147.2500 86 126 30.4300 59.1000 23 179 37.8800 50.8200 24 176 32.4900 27.0800 25 195 44.3000 -6.8200 26 176 39.5500 -45.3800 84 101 57.6500 65.3100 85 116 24.6600 71.4600 22 177 24.6400 15.0900
-9.2808653551e-01 -1.5640402159e-01 -7.0428882636e+00
63 65 69
14 28 123 -44.3900 38.5000 27 198 -1.3100 6.4400 29 200 -39.3900 119.3400 30 133 -30.5100 68.2000 31 105 -36.0700 30.8500 86 127 19.0500 69.4400 23 190 30.9600 62.3300 24 187 25.4600 38.5200 25 206 37.4200 4.4100 26 186 32.7500 -34.0600 84 107 49.7200 80.4300 22 188 18.9000 26.6500 19 161 37.6900 -8.4100 21 184 22.7700 -13.0600
-9.2741907269e-01 -1.5638353839e-01 -7.0433738598e+00
68 71 74
16 28 149 -38.1000 38.3800 27 196 4.7300 6.4400 29 198 -32.4900 118.9800 30 131 -24.0500 67.9400 31 103 -29.8000 30.6000 86 140 26.3900 68.8900 23 186 37.3000 61.9700 24 185 31.7700 38.0400 25 203 43.7400 3.8300 26 184 38.8900 -34.6400 84 105 56.9200 78.8300 85 117 22.2700 82.8200 22 186 25.0900 26.1200 19 159 44.2700 -8.6100 20 176 53.7400 -17.9200 21 182 29.2100 -12.9800
-9.2741557975e-01 -1.5638145797e-01 -7.0433679577e+00
68 71 74
15 28 150 -38.1000 38.3800 27 197 4.7300 6.4400 29 199 -32.4900 118.9800 30 132 -24.0500 67.9400 31 104 -29.8000 30.6000 23 187 37.3000 61.9700 24 186 31.7700 38.0400 25 204 43.7400 3.8300 26 185 38.8900 -34.6400 84 106 56.9200 78.8300 85 118 22.2700 82.8200 22 187 25.0900 26.1200 19 160 44.2700 -8.6100 20 177 53.7400 -17.9200 21 183 29.2100 -12.9800
-9.3428930865e-01 -1.4120654446e-01 -7.0500000806e+00
183 183 183
7 32 2 -83.5700 114.9600 35 3 -51.7700 145.9100 36 2 -54.4800 98.1600 37 2 -48.1000 66.5600 38 0 -60.5200 101.8500 39 5 -57.9800 128.5500 40 3 -51.2600 111.8600
-9.1291722048e-01 -1.7416843950e-01 -7.0492016829e+00
179 179 178
10 32 4 108.7300 -124.4300 34 4 133.4200 -50.8600 35 5 141.4000 -92.4200 87 2 165.1000 -94.6900 38 1 141.5200 -131.1300 39 3 153.8400 -92.4600 88 3 172.0900 -103.9800 93 3 188.5900 -79.1200 40 4 161.7700 -94.9900 89 2 174.4800 -95.0000
-9.4655106750e-01 -1.5184338953e-01 -7.0519951470e+00
121 123 122
6 32 12 -154.5200 21.2800 33 10 -135.5400 164.8200 34 11 -127.9000 96.3800 35 11 -123.6700 55.3000 36 9 -127.9000 9.1100 37 8 -121.6700 -22.3100
-9.3492205537e-01 -1.5260951470e-01 -7.0434217251e+00
64 61 80
8 32 19 -89.7600 38.2800 31 12 -94.2500 62.4400 33 16 -65.9800 183.3100 34 19 -59.7300 114.8000 35 19 -54.3100 73.5800 36 16 -59.4800 25.3000 87 21 -67.7600 121.7700 37 21 -54.5100 -5.0100
-9.3534780091e-01 -1.6230594771e-01 -7.0335856264e+00
47 54 60
6 32 45 -110.5900 -43.7000 33 62 -85.8400 99.1300 34 67 -78.6300 37.0800 35 71 -74.6700 -1.5600 87 46 -89.5700 28.4200 37 62 -73.9100 -78.9100
-9.3612513247e-01 -1.6092946203e-01 -7.0349477756e+00
148 156 159
5 32 62 -115.3600 -30.6100 33 92 -91.1600 112.0900 34 69 -83.5700 49.1900 36 58 -84.6400 -37.7300 37 64 -78.6700 -67.4500
-9.3535742761e-01 -1.6536877814e-01 -7.0323803393e+00
112 120 125
4 32 94 -111.1000 -76.4200 33 132 -86.3600 66.4300 34 123 -79.6200 5.7900 35 121 -75.6900 -32.1800
-9.3574495721e-01 -1.6532921980e-01 -7.0337038389e+00
112 120 125
7 32 95 -111.1000 -76.4200 33 133 -86.3600 66.4300 34 124 -79.6200 5.7900 35 122 -75.6900 -32.1800 36 84 -81.4100 -80.9700 87 73 -93.4300 -12.6600 37 85 -75.9100 -111.0000
-9.3438561887e-01 -1.6175450754e-01 -7.0336951691e+00
91 100 103
7 32 114 -101.1700 -36.7600 33 163 -76.6900 105.6600 34 127 -69.4200 43.6400 35 125 -65.3300 5.3200 36 101 -70.6300 -42.8100 87 93 -76.6000 36.0800 37 102 -64.9200 -72.5900
-1.0606733888e+00 -1.7708341210e-01 -7.3109081267e+00
166 168 164
10 32 129 -166.9300 -96.1200 31 125 -185.6200 -26.1500 35 137 -140.9500 -75.0800 36 128 -148.4800 -122.7400 86 219 -168.8300 32.7000 87 116 -178.8900 -48.7900 38 131 -159.8300 -159.5700 39 107 -141.8900 -144.4200 40 145 -135.9800 -179.7400 89 104 -193.8200 -173.2700
-1.0797768612e+00 -2.2720991117e-02 -7.3567448561e+00
49 50 50
4 32 130 -182.5600 105.5600 31 108 -192.5500 185.8600 34 151 -161.2900 172.4600 87 106 -188.0300 156.8900
-1.0622411253e+00 -2.8229802916e-02 -7.3209246609e+00
95 94 90
7 32 151 -180.9500 117.2700 31 150 -190.0900 197.7400 34 152 -158.9400 184.7000 35 162 -151.9300 133.6100 36 135 -154.1800 85.4200 87 140 -185.4500 170.2300 37 139 -147.2200 55.5100
-1.0622411253e+00 -2.8229802916e-02 -7.3209246609e+00
95 94 90
7 32 152 -180.9500 117.2700 31 151 -190.0900 197.7400 34 153 -158.9400 184.7000 35 163 -151.9300 133.6100 36 136 -154.1800 85.4200 87 141 -185.4500 170.2300 37 140 -147.2200 55.5100
-9.2573193808e-01 -1.5520640763e-01 -7.0462277480e+00
33 35 51
11 27 51 20.7400 15.4300 29 49 -14.9600 127.3400 23 45 56.8000 74.0100 24 41 50.5500 49.4200 25 47 62.2500 14.4900 26 42 57.6800 -24.1000 84 29 78.2900 88.9200 22 45 45.7500 38.0000 19 33 67.8300 5.5400 20 36 77.5000 -3.2100 21 47 50.7200 1.1300
-9.3549588522e-01 -1.6476090741e-01 -7.0366514814e+00
48 54 60
4 27 62 -77.4100 -72.5100 29 61 -121.3300 32.5800 86 32 -74.8200 -29.4500 85 26 -91.2800 -2.6200
-9.3619869724e-01 -1.6049416786e-01 -7.0351307817e+00
152 160 163
3 27 86 -86.2300 -37.0500 29 91 -135.3200 74.2500 85 39 -94.9500 44.3800
-9.2909363142e-01 -1.5401495665e-01 -7.0454607321e+00
92 88 105
10 27 92 -5.1600 28.2300 29 98 -43.5900 141.8800 23 82 30.4100 91.9300 24 82 24.7600 67.2900 25 86 36.8600 32.0000 26 77 32.3900 -6.2800 22 82 20.8500 55.9800 19 52 42.4300 22.7300 20 56 52.0400 12.5500 21 63 24.9900 17.7900
-9.2513235331e-01 -1.6128703433e-01 -7.0393237422e+00
98 91 109
15 27 109 18.6500 -44.1900 29 113 -15.2600 65.6700 86 68 49.9300 10.3800 87 61 44.2400 38.6600 23 119 40.4600 1.2000 24 115 35.5900 -22.4600 25 130 47.1400 -55.1700 26 125 42.6000 -94.8500 84 68 60.4100 2.8000 85 49 34.9500 17.1100 22 122 23.0100 -32.9400 38 78 16.9600 -19.5700 39 72 23.2400 17.7700 88 65 39.3000 30.7000 93 61 34.9500 50.5900
-9.2919623865e-01 -1.5658336135e-01 -7.0414675725e+00
80 82 108
12 27 113 -12.2000 5.5300 29 117 -51.3100 118.8200 30 76 -41.9900 67.8200 86 97 5.7300 69.4600 23 130 19.3200 60.7600 24 95 13.5300 37.3600 25 106 25.8600 3.6100 26 132 21.2700 -35.0400 22 103 6.7200 25.3200 19 84 25.1900 -10.7000 20 95 35.0400 -20.5300 21 105 10.5100 -15.2600
-9.2840879684e-01 -1.6102565039e-01 -7.0364262944e+00
98 94 111
6 27 143 -13.6200 -43.4900 31 82 -45.6800 -12.8200 33 138 -12.2000 115.1300 23 166 8.1100 2.3800 25 176 15.2100 -52.9500 26 158 10.1800 -92.2400
-9.3534390344e-01 -1.6285362933e-01 -7.0355386495e+00
154 159 163
3 27 174 -79.9800 -59.4100 29 145 -122.1900 50.5400 85 79 -88.9600 15.0300
-9.2487409695e-01 -1.5642847057e-01 -7.0452361761e+00
62 66 69
11 27 195 27.8800 4.0500 29 196 -6.3800 115.1900 23 184 60.3200 59.1200 24 230 55.1100 34.7300 25 198 66.0700 0.2700 26 236 61.8500 -38.4100 84 146 83.2100 70.5400 22 183 47.7200 23.4100 19 112 66.3100 -9.3600 20 173 76.1800 -17.8000 21 179 51.5300 -13.6300
-9.3928515737e-01 -1.5331141223e-01 -7.0398651884e+00
138 144 148
2 27 206 -98.6600 37.8300 29 202 -153.7400 156.1400
-1.0179879582e+00 -1.5968079336e-01 -7.2141279428e+00
55 57 54
3 27 238 -144.9200 72.9500 86 166 -166.8500 60.6700 87 117 -177.3800 -19.6700
-9.3518196088e-01 -1.5904129293e-01 -7.0342455161e+00
43 51 54
2 29 47 -127.1300 88.3300 86 20 -77.1500 38.6800
-9.2453713208e-01 -1.6827742428e-01 -7.0461120891e+00
81 89 110
7 29 83 -8.8300 14.8300 30 59 2.3000 -34.1700 31 51 -2.1600 -71.5100 33 90 34.1200 47.8900 35 68 42.4400 -52.0600 36 55 38.3700 -100.0200 38 60 33.7000 -91.3400
-9.1952590131e-01 -1.6209677653e-01 -7.0457696314e+00
93 90 109
5 29 189 37.9200 64.0100 30 125 46.7300 17.9300 24 211 83.8500 -23.4800 25 242 94.9000 -57.4700 26 218 91.2200 -97.5400
-9.3342087057e-01 -1.6743893824e-01 -7.0393416032e+00
72 78 100
2 31 63 -86.8900 -73.7800 86 80 -45.2700 -54.9700
-9.2190704336e-01 -1.5394600888e-01 -7.0512052764e+00
68 65 82
6 33 22 49.9300 168.5500 34 27 51.8600 101.3700 35 34 54.1700 60.2600 36 28 48.2900 13.1300 87 31 66.4600 94.9400 38 46 40.0600 20.1000
-9.3482239183e-01 -1.6302916314e-01 -7.0335445005e+00
107 114 120
6 33 160 -80.1600 91.3800 34 125 -73.0900 30.1600 35 123 -68.9600 -8.0100 36 99 -74.3600 -56.2100 87 91 -82.4600 19.1000 37 100 -68.7200 -86.0600
-9.3482239183e-01 -1.6302916314e-01 -7.0335445005e+00
107 114 120
6 33 162 -80.1600 91.3800 34 126 -73.0900 30.1600 35 124 -68.9600 -8.0100 36 100 -74.3600 -56.2100 87 92 -82.4600 19.1000 37 101 -68.7200 -86.0600
-9.3704198058e-01 -1.6057983600e-01 -7.0385790571e+00
154 159 163
2 35 72 -79.3500 10.1900 87 37 -96.0400 40.4800
-9.0562138784e-01 -1.6745216400e-01 -7.0448849414e+00
132 132 132
5 27 4 179.2600 -94.3100 23 5 186.1300 -82.0900 24 3 183.7800 -103.3700 25 7 194.9600 -135.7100 22 4 156.2500 -121.7000
-9.3914922257e-01 -1.5211131604e-01 -7.0442846283e+00
66 73 76
8 27 37 -88.1800 51.6300 23 30 -53.3200 134.5000 24 18 -58.3600 108.2600 25 32 -42.9800 71.7400 26 25 -47.3900 34.1700 84 19 -55.4600 179.6900 85 13 -91.3300 159.3700 22 26 -55.0700 98.6600
-9.3643000976e-01 -1.6078948794e-01 -7.0363251182e+00
152 160 163
2 27 87 -86.2300 -37.0500 85 40 -94.9500 44.3800
-9.3671369145e-01 -1.6501536872e-01 -7.0365762263e+00
106 113 119
2 27 137 -88.5800 -74.4500 85 76 -105.5900 -1.6400
-9.3671369145e-01 -1.6501536872e-01 -7.0365762263e+00
106 113 119
2 27 138 -88.5800 -74.4500 85 77 -105.5900 -1.6400
-9.3767511722e-01 -1.6639437879e-01 -7.0377942817e+00
131 135 138
2 27 169 -94.0100 -81.1700 85 74 -115.1200 -10.5500
-9.3767511722e-01 -1.6639437879e-01 -7.0377942817e+00
131 135 138
2 27 170 -94.0100 -81.1700 85 75 -115.1200 -10.5500
-9.3641471989e-01 -1.5945588459e-01 -7.0378610414e+00
94 101 107
2 27 180 -81.8700 -21.9500 85 110 -88.2900 63.1200
-9.2699050307e-01 -1.5741025538e-01 -7.0427222381e+00
69 69 70
8 27 192 7.1400 -2.3600 23 180 37.8800 50.8200 25 196 44.3000 -6.8200 26 177 39.5500 -45.3800 22 178 24.6400 15.0900 19 156 42.6600 -19.9100 20 171 52.0100 -28.8400 21 175 28.6100 -24.2900
-9.4081504732e-01 -1.5336292162e-01 -7.0444407229e+00
135 139 142
6 27 237 -100.1100 44.2500 23 199 -71.0600 124.8800 24 193 -76.0300 99.9300 25 216 -59.4200 63.8900 26 194 -63.9500 26.5500 84 161 -75.1200 171.2600
-1.1416370357e+00 -2.2219249717e-01 -7.3718619924e+00
52 53 56
4 27 295 -209.3200 20.8800 29 295 -251.1400 68.7000 84 282 -248.7300 226.1400 85 175 -274.9300 107.3400
-9.2551871043e-01 -1.5636617706e-01 -7.0449085525e+00
66 67 72
8 29 197 -13.0600 116.4400 23 185 54.7900 60.1900 24 181 49.0000 36.0400 25 200 60.6100 1.4800 26 181 56.3600 -37.1300 22 184 42.3100 24.3300 20 174 71.4500 -17.7500 21 180 46.7200 -13.3400
-9.3760506778e-01 -1.5483264903e-01 -7.0385507872e+00
84 87 92
2 29 201 -139.7500 139.2800 85 120 -91.6000 123.1500
-9.3715411878e-01 -1.6520109615e-01 -7.0397445704e+00
48 55 61
2 31 9 -120.9800 -52.7700 85 5 -101.6100 6.4600
-9.0481646998e-01 -1.6860576099e-01 -7.0471707094e+00
132 132 132
4 23 6 186.1300 -82.0900 24 4 183.7800 -103.3700 25 8 194.9600 -135.7100 22 5 156.2500 -121.7000
-9.1766878032e-01 -1.6978818474e-01 -7.0558611493e+00
163 164 166
5 23 18 82.1900 -27.9100 24 20 79.2600 -52.5300 25 24 90.6500 -87.5300 26 18 87.3300 -128.7000 22 32 65.2200 -56.9300
-9.3778920021e-01 -1.6436859956e-01 -7.0366017096e+00
67 78 82
4 23 24 -83.9200 4.8600 25 27 -74.7100 -53.4800 26 11 -81.6000 -92.0600 84 17 -102.7400 7.2900
-9.4274078918e-01 -1.5253847748e-01 -7.0457232531e+00
179 183 184
4 23 31 -79.3300 143.6200 24 26 -85.7100 116.2100 25 33 -67.8400 79.3000 84 13 -94.5000 184.2200
-9.2709439427e-01 -1.5369087745e-01 -7.0461990545e+00
99 95 110
8 23 81 48.5500 89.2300 24 81 42.6700 64.4300 25 85 54.0600 28.9900 26 76 49.5800 -9.3300 22 81 38.5400 53.1700 19 51 61.9400 20.8400 20 55 71.3000 11.5100 21 62 44.0300 16.1700
-9.4067920293e-01 -1.5303300854e-01 -7.0408026557e+00
79 85 88
4 23 105 -78.1800 127.6100 24 101 -83.9800 100.0400 25 146 -65.9200 65.2200 84 46 -85.1200 165.8000
-9.3658286840e-01 -1.5034911992e-01 -7.0417230233e+00
70 68 82
5 23 135 -33.0700 142.2100 24 104 -37.1300 115.1800 25 220 -23.9400 79.3000 26 196 -28.3500 41.2900 22 138 -38.6400 108.0900
-9.3851608814e-01 -1.5052342051e-01 -7.0400976147e+00
85 86 89
5 23 136 -55.7400 144.2900 24 196 -61.4200 118.5900 25 221 -44.6800 81.3500 26 197 -49.0800 43.5500 22 202 -59.4800 111.1700
-9.2701164817e-01 -1.5732705620e-01 -7.0426660557e+00
66 66 68
5 23 181 37.8800 50.8200 24 177 32.4900 27.0800 25 197 44.3000 -6.8200 26 178 39.5500 -45.3800 22 179 24.6400 15.0900
-9.2457025423e-01 -1.5542160363e-01 -7.0432772301e+00
30 28 39
6 23 189 65.1400 62.0100 24 184 59.5400 37.6500 25 202 70.7200 3.2100 26 183 66.2100 -35.3800 22 185 52.8300 26.0800 21 186 57.2700 -10.5600
-9.2870828521e-01 -1.5636003672e-01 -7.0432787235e+00
22 22 32
9 23 191 25.8500 65.9300 24 188 20.2600 41.8600 25 208 32.4900 7.8500 26 187 27.7500 -30.7700 84 108 43.4100 85.1900 22 189 14.0700 30.2600 19 162 33.2900 -4.3200 20 178 43.0600 -13.8000 21 187 18.0500 -9.5400
-9.4069720958e-01 -1.6406463427e-01 -7.0152628310e+00
32 34 33
3 23 213 -226.4600 -78.8000 24 204 -235.7000 -120.4400 84 168 -296.7800 -155.3800
-9.4069720958e-01 -1.6406463427e-01 -7.0152628310e+00
32 34 33
3 23 214 -226.4600 -78.8000 24 205 -235.7000 -120.4400 84 169 -296.7800 -155.3800
-9.3572996578e-01 -1.6505392026e-01 -7.0431073997e+00
38 46 49
