# Bundle file v0.3
101 134
0 0 0
0 0 0
0 0 0
0 0 0
0 0 0
0 0 0
0 0 0
0 0 0
0 0 0
0 0 0
0 0 0
0 0 0
0 0 0
0 0 0
0 0 0
0 0 0
0 0 0
0 0 0
0 0 0
0 0 0
0 0 0
0 0 0
0 0 0
0 0 0
0 0 0
0 0 0
0 0 0
0 0 0
0 0 0
0 0 0
0 0 0
0 0 0
0 0 0
0 0 0
0 0 0
0 0 0
0 0 0
0 0 0
0 0 0
0 0 0
0 0 0
0 0 0
0 0 0
0 0 0
0 0 0
0 0 0
0 0 0
0 0 0
0 0 0
0 0 0
0 0 0
0 0 0
0 0 0
0 0 0
0 0 0
0 0 0
0 0 0
0 0 0
0 0 0
0 0 0
0 0 0
0 0 0
0 0 0
0 0 0
0 0 0
0 0 0
0 0 0
0 0 0
0 0 0
0 0 0
0 0 0
0 0 0
0 0 0
0 0 0
0 0 0
0 0 0
0 0 0
0 0 0
0 0 0
0 0 0
0 0 0
0 0 0
0 0 0
0 0 0
0 0 0
0 0 0
0 0 0
0 0 0
0 0 0
0 0 0
0 0 0
0 0 0
0 0 0
0 0 0
0 0 0
0 0 0
0 0 0
0 0 0
0 0 0
0 0 0
0 0 0
0 0 0
0 0 0
0 0 0
0 0 0
0 0 0
0 0 0
0 0 0
0 0 0
0 0 0
5.3200000000e+02 0.0000000000e+00 0.0000000000e+00
9.2810513056e-01 3.1130879464e-01 -2.0422463371e-01
-3.6802848825e-01 8.5010704529e-01 -3.7666038201e-01
5.6355110425e-02 4.2474091623e-01 9.0355921533e-01
-5.2406762867e-01 -2.8537764599e+00 6.4243210699e+00
5.3200000000e+02 0.0000000000e+00 0.0000000000e+00
9.4722931206e-01 2.5799768232e-01 -1.9024675108e-01
-3.1396665220e-01 8.6642021830e-01 -3.8825371425e-01
6.4665073170e-02 4.2749643418e-01 9.0170129593e-01
-4.1496096568e-01 -2.8789211834e+00 6.4209776598e+00
5.3200000000e+02 0.0000000000e+00 0.0000000000e+00
9.5526648201e-01 2.4127794542e-01 -1.7102894899e-01
-2.8792554945e-01 8.9083534002e-01 -3.5144170919e-01
6.7563498399e-02 3.8496408928e-01 9.2045522632e-01
-2.7548184763e-01 -2.5943823219e+00 6.5489425428e+00
5.3200000000e+02 0.0000000000e+00 0.0000000000e+00
9.5237136261e-01 2.3307398694e-01 -1.9663495188e-01
-2.8352521409e-01 9.1418678369e-01 -2.8961349674e-01
1.1225970186e-01 3.3157056735e-01 9.3672766491e-01
-4.5833438877e-01 -2.1550455061e+00 6.6962309687e+00
5.3200000000e+02 0.0000000000e+00 0.0000000000e+00
9.5349778119e-01 2.4043688106e-01 -1.8174731771e-01
-2.7712655873e-01 9.3646629870e-01 -2.1501567816e-01
1.1850253888e-01 2.5538398076e-01 9.5954998340e-01
-3.5187239914e-01 -1.6246643165e+00 6.8511362815e+00
5.3200000000e+02 0.0000000000e+00 0.0000000000e+00
9.8874269587e-01 7.1769185990e-02 -1.3129000456e-01
-1.0001494421e-01 9.6963679938e-01 -2.2316247046e-01
1.1128743096e-01 2.3378122514e-01 9.6589929417e-01
5.9241279271e-03 -1.5075838331e+00 6.8808904960e+00
5.3200000000e+02 0.0000000000e+00 0.0000000000e+00
9.9770415970e-01 -3.2665839838e-03 -6.7644209945e-02
-4.0131157429e-03 9.9422909717e-01 -1.0720259903e-01
6.7604028075e-02 1.0722794302e-01 9.9193339677e-01
4.4535912312e-01 -5.9442674871e-01 7.0056294218e+00
5.3200000000e+02 0.0000000000e+00 0.0000000000e+00
9.9641572697e-01 5.2012680923e-02 -6.6711169079e-02
-7.0735393718e-02 9.4481398453e-01 -3.1987972538e-01
4.6391843380e-02 3.2345202992e-01 9.4510665071e-01
4.6030724175e-01 -2.1532859347e+00 6.6940777280e+00
5.3200000000e+02 0.0000000000e+00 0.0000000000e+00
9.9724948967e-01 6.4637608763e-03 -7.3835459928e-02
-1.9263330162e-02 9.8455957153e-01 -1.7398670703e-01
7.1570800320e-02 1.7493047163e-01 9.8197604382e-01
4.0463538709e-01 -1.0772374114e+00 6.9518016542e+00
5.3200000000e+02 0.0000000000e+00 0.0000000000e+00
9.9846408334e-01 -9.2772624729e-03 -5.4620570041e-02
5.7634284984e-03 9.9792419090e-01 -6.4141188785e-02
5.5102242808e-02 6.3727871515e-02 9.9644493136e-01
5.3789628759e-01 -2.8258033011e-01 7.0197779332e+00
5.3200000000e+02 0.0000000000e+00 0.0000000000e+00
9.9092484702e-01 -1.0193858924e-01 -8.7615475651e-02
1.0688417711e-01 9.9281859424e-01 5.3730918545e-02
8.1509019335e-02 -6.2608010257e-02 9.9470423585e-01
2.8463834874e-01 6.3861556224e-01 7.0111862945e+00
5.3200000000e+02 0.0000000000e+00 0.0000000000e+00
9.8974070640e-01 -6.6000067943e-02 -1.2671750130e-01
4.0777971740e-02 9.8050975814e-01 -1.9219201650e-01
1.3693243270e-01 1.8505297949e-01 9.7314176956e-01
1.6884096037e-02 -1.1403157568e+00 6.9515727194e+00
5.3200000000e+02 0.0000000000e+00 0.0000000000e+00
9.8896464121e-01 -7.5883524451e-02 -1.2724240312e-01
6.9181461597e-02 9.9601447539e-01 -5.6294672797e-02
1.3100711357e-01 4.6870625460e-02 9.9027283143e-01
1.1464384405e-02 -1.6165375661e-01 7.0431058986e+00
5.3200000000e+02 0.0000000000e+00 0.0000000000e+00
9.8779889975e-01 -8.0925702265e-02 -1.3305774825e-01
8.5962764753e-02 9.9576654103e-01 3.2548407542e-02
1.2986045099e-01 -4.3589293070e-02 9.9057369075e-01
-3.0973168319e-02 4.7484326487e-01 7.0290335819e+00
5.3200000000e+02 0.0000000000e+00 0.0000000000e+00
9.8885473144e-01 -8.3932611333e-02 -1.2297006493e-01
9.8837694115e-02 9.8776864043e-01 1.2059943283e-01
1.1134374853e-01 -1.3140939742e-01 9.8505539942e-01
3.9940592999e-02 1.0998443815e+00 6.9589398483e+00
5.3200000000e+02 0.0000000000e+00 0.0000000000e+00
9.8800416774e-01 -8.1273076933e-02 -1.3131051554e-01
1.0401184973e-01 9.7872999612e-01 1.7683079429e-01
1.1414595761e-01 -1.8836741135e-01 9.7544267833e-01
-1.8492366306e-02 1.4955648599e+00 6.8845330195e+00
0 0 0
0 0 0
0 0 0
0 0 0
0 0 0
0 0 0
0 0 0
0 0 0
0 0 0
0 0 0
0 0 0
0 0 0
0 0 0
0 0 0
0 0 0
0 0 0
0 0 0
0 0 0
0 0 0
0 0 0
0 0 0
0 0 0
0 0 0
0 0 0
0 0 0
0 0 0
0 0 0
0 0 0
0 0 0
0 0 0
0 0 0
0 0 0
0 0 0
0 0 0
0 0 0
0 0 0
0 0 0
0 0 0
0 0 0
0 0 0
0 0 0
0 0 0
0 0 0
0 0 0
0 0 0
0 0 0
0 0 0
0 0 0
0 0 0
0 0 0
0 0 0
0 0 0
0 0 0
0 0 0
0 0 0
0 0 0
0 0 0
0 0 0
0 0 0
0 0 0
0 0 0
0 0 0
0 0 0
0 0 0
0 0 0
0 0 0
0 0 0
0 0 0
0 0 0
0 0 0
0 0 0
0 0 0
0 0 0
0 0 0
0 0 0
0 0 0
0 0 0
0 0 0
0 0 0
0 0 0
0 0 0
0 0 0
0 0 0
0 0 0
0 0 0
0 0 0
0 0 0
0 0 0
0 0 0
0 0 0
0 0 0
0 0 0
0 0 0
0 0 0
0 0 0
0 0 0
0 0 0
0 0 0
0 0 0
0 0 0
0 0 0
0 0 0
0 0 0
0 0 0
0 0 0
0 0 0
0 0 0
0 0 0
0 0 0
0 0 0
0 0 0
0 0 0
0 0 0
0 0 0
0 0 0
0 0 0
0 0 0
0 0 0
0 0 0
0 0 0
0 0 0
0 0 0
0 0 0
0 0 0
0 0 0
0 0 0
0 0 0
0 0 0
0 0 0
0 0 0
0 0 0
0 0 0
0 0 0
0 0 0
0 0 0
0 0 0
0 0 0
0 0 0
0 0 0
0 0 0
0 0 0
0 0 0
0 0 0
0 0 0
0 0 0
0 0 0
0 0 0
0 0 0
0 0 0
0 0 0
0 0 0
0 0 0
0 0 0
0 0 0
0 0 0
0 0 0
0 0 0
0 0 0
0 0 0
0 0 0
0 0 0
0 0 0
0 0 0
0 0 0
0 0 0
0 0 0
0 0 0
0 0 0
0 0 0
0 0 0
0 0 0
0 0 0
0 0 0
0 0 0
0 0 0
0 0 0
0 0 0
0 0 0
0 0 0
0 0 0
0 0 0
0 0 0
0 0 0
0 0 0
0 0 0
0 0 0
0 0 0
0 0 0
0 0 0
0 0 0
0 0 0
0 0 0
0 0 0
0 0 0
0 0 0
0 0 0
0 0 0
0 0 0
0 0 0
0 0 0
0 0 0
0 0 0
0 0 0
0 0 0
0 0 0
0 0 0
0 0 0
0 0 0
0 0 0
0 0 0
0 0 0
0 0 0
0 0 0
0 0 0
0 0 0
0 0 0
0 0 0
0 0 0
0 0 0
0 0 0
0 0 0
0 0 0
0 0 0
0 0 0
0 0 0
0 0 0
0 0 0
0 0 0
0 0 0
0 0 0
5.3200000000e+02 0.0000000000e+00 0.0000000000e+00
9.4118591100e-01 3.1613325242e-01 -1.1928473354e-01
-3.3462940559e-01 8.2317043313e-01 -4.5870862095e-01
-4.6821382479e-02 4.7164627077e-01 8.8054389636e-01
8.8982767091e-02 -3.4016386505e+00 6.1867726352e+00
5.3200000000e+02 0.0000000000e+00 0.0000000000e+00
9.7358379095e-01 2.2336061631e-01 -4.7377601091e-02
-2.2709696065e-01 9.2571601453e-01 -3.0245136950e-01
-2.3697520234e-02 3.0522106010e-01 9.5198662386e-01
6.0790778044e-01 -2.1842982798e+00 6.6817990083e+00
5.3200000000e+02 0.0000000000e+00 0.0000000000e+00
9.9526264985e-01 3.5480276957e-02 -9.0517444503e-02
-5.0589221575e-02 9.8405471489e-01 -1.7051993655e-01
8.3024023468e-02 1.7429133096e-01 9.8118782273e-01
2.9513886119e-01 -1.0836684302e+00 6.9660465863e+00
5.3200000000e+02 0.0000000000e+00 0.0000000000e+00
9.9690978673e-01 -4.4800378798e-02 -6.4527538096e-02
4.4744118840e-02 9.9899579239e-01 -2.3174593417e-03
6.4566562107e-02 -5.7692993497e-04 9.9791323581e-01
4.6592567968e-01 1.9318160345e-01 7.0395301412e+00
0 0 0
0 0 0
0 0 0
0 0 0
0 0 0
0 0 0
0 0 0
0 0 0
0 0 0
0 0 0
0 0 0
0 0 0
0 0 0
0 0 0
0 0 0
0 0 0
0 0 0
0 0 0
0 0 0
0 0 0
0 0 0
0 0 0
0 0 0
0 0 0
0 0 0
0 0 0
0 0 0
0 0 0
0 0 0
0 0 0
0 0 0
0 0 0
0 0 0
0 0 0
0 0 0
0 0 0
0 0 0
0 0 0
0 0 0
0 0 0
0 0 0
0 0 0
0 0 0
0 0 0
0 0 0
0 0 0
0 0 0
0 0 0
0 0 0
0 0 0
0 0 0
0 0 0
0 0 0
0 0 0
0 0 0
0 0 0
0 0 0
0 0 0
0 0 0
0 0 0
0 0 0
0 0 0
0 0 0
0 0 0
0 0 0
-9.2923987356e-01 -1.5601427791e-01 -7.0422647265e+00
30 31 52
20 28 44 -50.2500 47.6900 32 66 -37.5100 21.3400 27 52 -5.0600 17.1200 29 50 -44.8700 130.7100 30 48 -36.7600 78.1300 31 43 -42.2100 39.6600 33 95 -12.1600 162.9000 34 74 -7.5800 96.4300 35 78 -4.5900 56.1100 36 63 -9.8100 8.4200 86 37 11.6900 81.1600 87 50 -1.0300 95.7000 23 46 31.0500 76.5900 24 42 25.0600 52.5000 25 48 37.1100 17.7100 26 43 32.6200 -20.7000 37 68 -4.3800 -21.3900 84 22 49.1500 97.0900 85 22 11.6000 98.0500 22 46 20.0800 40.8300
-9.2831396471e-01 -1.5814857898e-01 -7.0404233146e+00
23 21 21
19 28 42 -43.8300 30.2500 32 65 -28.7500 6.7600 27 68 -1.1100 -2.5900 29 64 -38.8200 109.7500 30 47 -29.7200 59.4300 33 94 -3.3400 146.9800 34 73 1.3300 82.0900 35 77 4.2200 42.4500 36 62 -1.0200 -5.0800 86 50 20.5400 59.1600 87 49 10.7000 78.4900 23 76 29.1600 51.6300 24 53 23.7700 27.5800 25 83 35.9300 -5.7800 26 74 31.0400 -44.3500 37 67 4.2300 -34.8300 84 43 47.6100 67.7000 85 29 15.1300 72.9300 22 58 16.1100 15.6500
-9.2439782575e-01 -1.5835711673e-01 -7.0435382059e+00
26 27 30
18 28 41 -8.7000 28.4000 32 64 5.9800 5.7300 27 67 31.9000 -4.1300 29 63 -1.8300 106.7500 30 46 5.9300 57.1300 33 93 32.0900 143.9300 34 72 35.4000 79.3300 35 76 37.7900 39.9200 36 61 32.3400 -7.4900 86 49 60.3800 54.7700 23 75 63.0400 48.3300 24 76 57.7400 24.4600 25 82 68.7900 -9.5300 26 73 64.3900 -48.3500 37 66 37.4200 -37.0500 84 42 86.2100 56.9400 85 41 52.3600 64.1500 22 80 49.6800 13.5700
-9.2539936802e-01 -1.6236008231e-01 -7.0377441415e+00
93 90 102
20 28 73 -20.6300 -7.4800 32 74 -2.0100 -25.3300 27 110 18.6500 -44.1900 29 114 -15.2600 65.6700 30 75 -5.6600 19.6400 31 55 -11.0200 -14.7600 33 110 22.9500 112.5100 34 88 27.4400 50.5600 35 90 30.2300 12.1700 36 73 25.1200 -35.4200 86 69 49.9300 10.3800 87 62 44.2400 38.6600 23 120 40.4600 1.2000 24 116 35.5900 -22.4600 25 131 47.1400 -55.1700 26 126 42.6000 -94.8500 37 80 30.3100 -65.1000 84 69 60.4100 2.8000 85 50 34.9500 17.1100 22 123 23.0100 -32.9400
-9.2389937799e-01 -1.6239473774e-01 -7.0390469106e+00
95 93 105
14 28 94 -6.5300 -7.3700 32 97 12.3600 -25.0900 27 140 31.7800 -43.5400 29 146 -0.7200 65.9800 30 96 8.6900 19.7300 31 79 3.2900 -14.8600 86 89 66.0400 10.2500 23 163 53.5600 1.7800 24 152 48.9100 -21.9900 25 173 60.2100 -55.0600 26 154 55.9100 -94.7800 84 84 75.9200 1.6100 85 106 50.0600 15.8100 22 157 36.0000 -32.4000
-9.3739140388e-01 -1.5185308858e-01 -7.0445092494e+00
64 64 74
10 28 47 -112.6100 81.2400 32 49 -98.6800 44.8800 27 69 -64.6400 56.9400 30 36 -99.8200 113.0100 31 30 -103.0000 70.9600 86 40 -62.6900 124.7500 23 62 -28.7600 138.8800 25 62 -18.6300 74.9700 26 56 -23.0400 36.8800 85 23 -56.5900 159.3800
-9.2387614367e-01 -1.6242110555e-01 -7.0391299302e+00
95 93 105
18 28 95 -6.5300 -7.3700 32 98 12.3600 -25.0900 27 141 31.7800 -43.5400 29 147 -0.7200 65.9800 30 97 8.6900 19.7300 31 80 3.2900 -14.8600 33 136 37.4100 112.0400 34 104 41.5000 50.0400 35 107 44.1800 11.5300 36 87 39.0100 -35.9300 86 90 66.0400 10.2500 87 77 60.8800 37.1200 23 164 53.5600 1.7800 24 153 48.9100 -21.9900 25 174 60.2100 -55.0600 26 155 55.9100 -94.7800 37 88 44.2300 -65.3600 84 85 75.9200 1.6100
-9.2891122021e-01 -1.6206282431e-01 -7.0350333691e+00
96 92 107
18 28 96 -55.4200 -6.0800 32 99 -36.9200 -24.6100 27 142 -13.6200 -43.4900 29 148 -51.6100 67.4800 30 98 -41.0800 21.1600 31 81 -45.6800 -12.8200 33 137 -12.2000 115.1300 34 105 -6.7800 53.0000 35 108 -3.6700 14.5700 36 88 -8.7600 -33.1900 86 91 9.5200 13.3700 87 78 2.9400 44.1300 23 165 8.1100 2.3800 24 154 3.0000 -20.8300 25 175 15.2100 -52.9500 26 157 10.1800 -92.2400 37 89 -3.3100 -62.8700 84 88 21.6800 9.8700
-9.2990948254e-01 -1.6190251017e-01 -7.0342810469e+00
97 94 113
14 28 98 -65.8000 -5.1700 32 101 -47.3500 -23.9900 27 145 -23.3200 -42.7700 29 150 -62.4900 68.5800 30 100 -51.6900 22.1700 31 84 -56.0100 -11.8400 33 140 -22.6500 116.2900 86 93 -2.7100 14.8400 23 167 -1.6400 3.3800 24 155 -6.8000 -19.7100 25 177 5.6600 -51.5600 26 159 0.5000 -90.7400 84 90 9.8900 12.9000 85 81 -14.2000 26.4500
-9.1952758328e-01 -1.6285108620e-01 -7.0429452564e+00
90 89 105
11 28 117 30.9800 -8.9100 32 116 50.1000 -26.0100 27 176 66.9900 -44.1200 29 191 37.9200 64.0100 30 127 46.7300 17.9300 31 100 40.5400 -16.8700 33 165 75.8400 109.1400 86 123 108.6500 7.4200 24 212 83.8500 -23.4800 25 243 94.9000 -57.4700 26 219 91.2200 -97.5400
-9.3777335242e-01 -1.5463852681e-01 -7.0428960753e+00
55 58 65
12 28 5 -114.8600 60.5900 32 7 -100.8700 23.2700 27 5 -71.4700 32.7800 29 6 -119.2100 151.2300 30 6 -106.4900 91.9500 31 6 -109.9500 49.0200 33 6 -79.4800 169.1200 34 7 -72.8400 100.4600 35 9 -68.1300 57.5600 86 2 -72.3800 94.5900 87 6 -84.1400 103.6300 37 9 -67.4500 -18.4300
-9.3761145930e-01 -1.6637422426e-01 -7.0369569733e+00
50 56 63
14 28 8 -129.3500 -46.3300 32 9 -107.3900 -73.1900 27 13 -86.0600 -69.9300 29 9 -128.2700 32.5000 30 8 -116.4600 -16.4400 31 8 -120.9800 -52.7700 33 8 -82.7600 68.5000 34 10 -76.2600 6.8900 35 10 -72.0900 -32.4500 36 8 -77.9700 -81.0800 86 3 -84.4200 -27.6900 87 9 -89.7900 -13.6600 37 7 -72.6900 -111.4100 85 4 -101.6100 6.4600
-9.1469169758e-01 -1.7023357509e-01 -7.0496996066e+00
103 105 104
12 28 28 64.0300 -60.0400 32 34 89.5400 -82.3200 27 46 94.3900 -85.6700 29 41 67.3300 14.1300 30 34 78.4100 -33.7400 31 27 73.3400 -70.1700 33 42 110.1400 49.7300 34 37 114.6500 -10.7200 35 43 118.3200 -49.8500 36 36 114.8800 -97.6600 86 11 138.8500 -51.6900 37 38 121.1600 -128.1000
-9.3528574797e-01 -1.6159237518e-01 -7.0321669814e+00
39 48 51
14 28 39 -121.7300 -3.2600 32 46 -103.0100 -24.7100 27 66 -74.2300 -40.6600 29 46 -121.4700 72.1200 30 44 -108.6000 24.3100 31 41 -112.1200 -9.8400 33 46 -78.6900 118.2600 34 53 -71.0000 55.2100 35 56 -66.8900 16.4600 36 46 -72.1000 -31.3400 86 35 -69.6700 18.6600 87 38 -78.0200 50.3400 37 47 -66.1500 -61.1700 85 28 -77.9200 36.8900
-9.3598101123e-01 -1.6877158950e-01 -7.0371710104e+00
76 83 93
13 28 89 -112.8000 -65.2000 32 92 -90.9000 -94.3200 27 136 -70.8200 -88.1800 29 108 -112.9500 12.5000 30 71 -100.3500 -37.4300 31 75 -104.9700 -74.3800 34 84 -61.1500 -13.9800 35 104 -57.3900 -52.9700 36 83 -63.1900 -101.5800 86 62 -66.6300 -54.6500 87 71 -71.7300 -39.1600 37 76 -57.9600 -131.8100 85 71 -87.9800 -24.2700
-9.3003218536e-01 -1.6188978048e-01 -7.0350347410e+00
97 94 113
15 28 97 -65.8000 -5.1700 32 100 -47.3500 -23.9900 27 144 -23.3200 -42.7700 29 149 -62.4900 68.5800 30 99 -51.6900 22.1700 31 83 -56.0100 -11.8400 33 139 -22.6500 116.2900 34 106 -17.0400 53.9600 35 109 -13.6600 15.5800 36 89 -18.8000 -32.3200 86 92 -2.7100 14.8400 87 79 -9.5300 46.1700 37 90 -13.2800 -61.8500 84 89 9.8900 12.9000 85 80 -14.2000 26.4500
-9.1943945063e-01 -1.6280919594e-01 -7.0423684289e+00
90 89 105
8 28 116 30.9800 -8.9100 32 115 50.1000 -26.0100 27 175 66.9900 -44.1200 29 190 37.9200 64.0100 30 126 46.7300 17.9300 31 99 40.5400 -16.8700 33 164 75.8400 109.1400 86 122 108.6500 7.4200
-9.3994046483e-01 -1.5293278904e-01 -7.0414501476e+00
66 68 73
10 28 18 -138.2000 74.4100 32 29 -124.6700 38.5900 29 14 -141.4900 167.0800 30 21 -128.0100 106.1600 31 13 -130.3600 62.9700 33 23 -103.2500 184.6500 34 20 -94.5900 114.7100 35 24 -89.6100 72.5500 36 24 -93.9200 24.0500 87 14 -109.4700 124.1400
-9.3241255675e-01 -1.6400313188e-01 -7.0330582036e+00
86 97 119
10 28 37 -91.3600 -26.9000 32 44 -71.2600 -46.2600 31 39 -81.5900 -33.6400 33 61 -46.7900 94.6600 34 51 -40.6600 33.2700 35 54 -36.9100 -4.8800 36 45 -42.0900 -52.8100 86 33 -33.8600 -11.4400 87 36 -39.8500 21.3200 37 46 -36.5300 -82.6200
-9.2714774490e-01 -1.5279914487e-01 -7.0501779249e+00
76 73 87
6 28 45 -25.9100 69.6300 32 48 -15.0000 37.6000 33 64 10.8500 179.1000 35 79 16.3500 69.4900 36 64 11.1000 22.1200 86 51 36.6100 107.2700
-1.0631880642e+00 -4.7492327717e-02 -7.3174516816e+00
118 116 117
7 28 49 -186.4500 193.1100 32 103 -180.0400 92.1400 31 66 -190.1200 170.4400 34 89 -158.0600 157.6300 35 91 -151.4500 108.0800 36 74 -154.3400 60.7100 37 92 -148.2900 31.1500
-9.1807076022e-01 -1.7008108679e-01 -7.0493214273e+00
88 94 100
12 28 69 39.4800 -59.1700 32 43 64.9500 -82.8800 29 109 42.0100 15.9500 30 72 53.7200 -32.3400 31 53 48.4000 -69.2400 33 91 85.0800 49.3100 34 66 89.8100 -11.3900 35 69 93.4100 -50.6000 36 56 89.8100 -98.2900 86 81 107.5900 -51.3000 87 58 109.3700 -42.1800 37 61 95.7700 -128.9900
-9.3414113988e-01 -1.6886231652e-01 -7.0378565736e+00
70 76 97
8 28 90 -95.4000 -64.5300 32 71 -73.0000 -92.6900 30 91 -82.4100 -37.5800 33 107 -50.0200 47.5100 34 83 -44.2700 -13.4200 35 86 -40.6100 -52.4100 87 59 -49.5900 -39.2700 37 75 -40.5400 -131.3200
-9.3675497914e-01 -1.6534051339e-01 -7.0324989816e+00
88 93 97
11 28 92 -133.1400 -39.9200 32 96 -112.6000 -64.1000 30 94 -120.4700 -13.0700 31 78 -124.4400 -47.3500 33 134 -87.8900 78.4500 34 102 -80.9900 17.2800 35 105 -76.9900 -21.0500 36 85 -82.5700 -69.5800 86 87 -87.2800 -26.0800 87 74 -93.7800 2.2600 37 86 -76.9200 -99.4300
-9.3399774109e-01 -1.7483924813e-01 -7.0323265776e+00
176 176 176
4 28 0 -104.8200 -131.8900 29 0 -104.7100 -53.8200 24 1 -76.9100 -112.3600 25 1 -59.8200 -158.3600
-9.1459636511e-01 -1.7519667559e-01 -7.0493772623e+00
171 173 170
4 28 4 64.4200 -94.4600 30 5 75.4900 -67.2800 31 3 78.8000 -110.8900 85 2 87.5300 -84.8000
-9.2236508315e-01 -1.5397864464e-01 -7.0524556140e+00
66 65 81
7 28 15 10.0400 59.1000 27 20 52.6300 34.7400 29 13 18.4900 145.8400 30 19 24.0300 90.2100 31 16 16.3500 49.9500 86 8 76.0900 93.2500 85 11 73.3300 110.0700
-1.0645221564e+00 -4.7382653388e-02 -7.3330626813e+00
124 122 123
6 28 19 -179.3700 185.9600 31 18 -182.6500 163.0900 34 21 -150.5800 151.2700 35 25 -144.0600 101.7700 36 25 -147.2000 54.6700 87 22 -178.5000 135.6600
-9.3679080478e-01 -1.6925669322e-01 -7.0360227307e+00
177 179 178
9 28 33 -121.9600 -70.6700 29 57 -121.7600 5.4900 30 30 -109.3800 -44.5700 34 46 -70.8300 -19.0600 36 43 -72.3300 -106.8800 86 27 -77.9800 -62.3300 87 34 -83.4200 -45.1900 37 36 -67.8200 -138.1600 85 25 -100.2200 -30.5000
-9.2617516471e-01 -1.6929030909e-01 -7.0431059856e+00
75 86 108
2 28 34 -23.0400 -60.9000 27 106 11.3000 -85.1000
-9.3753351582e-01 -1.6815652819e-01 -7.0360994124e+00
46 53 59
7 28 35 -128.7300 -60.6100 27 59 -86.0200 -85.0200 29 59 -128.5900 15.9700 30 40 -116.3200 -33.7800 31 28 -121.6900 -69.3100 86 29 -85.1000 -49.9000 85 37 -107.8400 -17.7900
-9.3705876131e-01 -1.6173150052e-01 -7.0335026836e+00
151 160 163
5 28 38 -133.9900 -4.4400 29 62 -135.1800 74.0600 30 43 -121.5600 23.8300 31 42 -124.9400 -11.7500 86 34 -86.0900 18.5400
-9.2882423892e-01 -1.5274436514e-01 -7.0486269513e+00
78 76 90
3 28 46 -39.4800 71.4100 33 65 -3.3700 181.1700 86 39 21.4200 109.2700
-9.2617497994e-01 -1.6935892563e-01 -7.0433727137e+00
73 84 106
8 28 56 -22.9400 -61.5800 29 58 -21.5100 15.0800 30 60 -9.6900 -34.4000 31 52 -13.9600 -71.3600 33 57 22.1100 49.4900 34 49 27.6700 -11.9000 35 52 30.6000 -50.2800 86 46 37.6500 -52.1400
-9.2034405689e-01 -1.6985686866e-01 -7.0475313232e+00
77 85 107
13 28 57 24.2500 -60.2900 32 33 46.6600 -84.1000 27 83 55.6400 -83.6700 29 86 26.4800 15.7500 30 41 37.4700 -32.8500 31 36 32.3800 -69.8700 33 43 67.7600 49.5100 34 48 73.8000 -12.2200 35 44 76.0300 -50.3800 36 37 72.2900 -98.3900 86 28 90.1700 -51.0100 87 29 90.3500 -40.6000 37 39 77.9500 -128.6300
-9.3747016730e-01 -1.5177292282e-01 -7.0432596187e+00
65 65 75
4 28 60 -113.6100 82.0800 27 96 -65.9200 57.9900 29 65 -114.4400 175.0300 31 56 -107.0700 74.0800
-1.0716423510e+00 -3.9775585238e-02 -7.3279319273e+00
10 12 13
7 28 63 -192.6900 198.8200 31 58 -195.3900 176.7900 34 75 -163.7700 163.2800 35 80 -157.0800 113.1700 36 65 -159.5000 66.0800 87 65 -191.4900 147.5900 37 69 -153.5500 36.2500
-9.3738899036e-01 -1.6687582607e-01 -7.0338833433e+00
90 96 102
4 28 70 -134.0300 -52.7100 30 73 -121.7900 -26.0600 31 65 -125.4400 -60.2900 86 84 -90.7200 -40.9100
-9.2290161319e-01 -1.6121409624e-01 -7.0412668554e+00
32 30 38
12 28 75 2.6400 3.9000 27 146 41.4500 -30.9900 29 151 9.5800 78.6700 30 101 18.2300 31.6000 31 85 12.2900 -3.8400 86 94 75.9900 23.9900 23 168 66.3600 15.8900 24 157 61.5800 -8.0100 25 180 72.4700 -41.7100 26 161 68.3400 -81.0800 84 91 90.1400 16.9000 22 227 50.2800 -18.7100
-9.2879156478e-01 -1.5910927327e-01 -7.0389355054e+00
83 82 104
5 28 99 -49.2100 21.6700 29 155 -44.6500 99.3300 30 102 -35.1000 50.3900 31 86 -40.3400 14.3100 86 95 14.6000 48.4600
-9.3823410600e-01 -1.5853191634e-01 -7.0348030674e+00
99 104 108
5 28 100 -141.0700 26.8600 29 157 -143.1100 107.4700 30 103 -129.4900 56.1200 86 96 -96.0200 58.8500 85 86 -99.9500 87.8900
-9.4126521704e-01 -1.5419677113e-01 -7.0396534685e+00
86 90 93
4 28 102 -153.3200 63.9000 29 159 -158.5600 154.6800 30 104 -143.5200 96.5000 31 87 -146.2800 55.9100
-9.3610446053e-01 -1.6447362847e-01 -7.0324543644e+00
95 102 106
4 28 112 -126.9600 -31.5700 30 120 -114.4300 -4.9000 31 96 -117.7600 -38.2600 86 118 -79.8200 -16.5500
-9.3554985635e-01 -1.6426615352e-01 -7.0306848773e+00
95 102 106
3 28 113 -126.9600 -31.5700 30 121 -114.4300 -4.9000 31 97 -117.7600 -38.2600
-9.3497088140e-01 -1.6275237068e-01 -7.0313431916e+00
80 89 92
3 28 114 -120.1000 -15.6500 30 124 -106.8800 11.3500 31 98 -110.6700 -22.3300
-9.2593202223e-01 -1.5909905937e-01 -7.0408408218e+00
65 63 66
13 28 118 -23.0800 21.8200 27 148 18.0700 -11.9700 29 154 -16.9600 99.3200 30 128 -8.5400 50.4700 31 101 -14.2900 14.1200 86 124 45.0600 47.5800 23 124 47.0300 38.9200 24 167 41.8600 15.1900 25 188 53.4500 -18.5300 26 168 48.8300 -57.2700 84 96 68.4000 48.9900 85 108 36.6400 57.4900 22 171 32.8900 3.4500
-9.2665646107e-01 -1.5900769291e-01 -7.0401654947e+00
64 62 63
10 28 119 -30.1500 22.6100 27 185 11.6500 -11.3200 29 192 -24.2400 100.2300 86 125 37.3200 48.6200 23 172 40.9200 39.6600 24 168 35.6600 15.9600 25 189 47.2700 -17.6400 26 169 42.6100 -56.3300 84 97 61.5400 50.9400 22 174 26.6700 4.1900
-9.2541203119e-01 -1.5826115709e-01 -7.0425772950e+00
65 65 67
12 28 120 -17.7800 29.0600 27 189 23.7100 -3.5300 29 194 -11.0600 107.6900 30 129 -2.9000 57.9700 86 139 50.4700 56.3800 23 177 54.7300 49.1900 24 172 49.2700 25.2400 25 193 60.6400 -8.9200 26 174 56.1300 -47.6300 84 99 76.7900 60.1500 85 112 43.1500 66.8000 22 175 41.3400 13.5100
-9.2541192073e-01 -1.5824550712e-01 -7.0425170780e+00
65 65 67
10 28 121 -17.7800 29.0600 27 190 23.7100 -3.5300 29 195 -11.0600 107.6900 23 178 54.7300 49.1900 24 173 49.2700 25.2400 25 194 60.6400 -8.9200 26 175 56.1300 -47.6300 84 100 76.7900 60.1500 85 113 43.1500 66.8000 22 176 41.3400 13.5100
-9.2736058998e-01 -1.5809631581e-01 -7.0408861142e+00
66 64 65
14 28 122 -35.1900 30.6600 27 191 7.1400 -2.3600 29 158 -29.4800 109.6800 30 130 -20.9100 59.7400 31 102 -26.5000 22.9200 33 166 5.3500 147.2500 86 126 30.4300 59.1000 23 179 37.8800 50.8200 24 176 32.4900 27.0800 25 195 44.3000 -6.8200 26 176 39.5500 -45.3800 84 101 57.6500 65.3100 85 116 24.6600 71.4600 22 177 24.6400 15.0900
-9.2849281019e-01 -1.5714948596e-01 -7.0411040534e+00
63 65 69
12 28 123 -44.3900 38.5000 27 198 -1.3100 6.4400 29 200 -39.3900 119.3400 30 133 -30.5100 68.2000 31 105 -36.0700 30.8500 86 127 19.0500 69.4400 23 190 30.9600 62.3300 24 187 25.4600 38.5200 25 206 37.4200 4.4100 26 186 32.7500 -34.0600 84 107 49.7200 80.4300 22 188 18.9000 26.6500
-9.2780525740e-01 -1.5715852267e-01 -7.0416971778e+00
68 71 74
13 28 149 -38.1000 38.3800 27 196 4.7300 6.4400 29 198 -32.4900 118.9800 30 131 -24.0500 67.9400 31 103 -29.8000 30.6000 86 140 26.3900 68.8900 23 186 37.3000 61.9700 24 185 31.7700 38.0400 25 203 43.7400 3.8300 26 184 38.8900 -34.6400 84 105 56.9200 78.8300 85 117 22.2700 82.8200 22 186 25.0900 26.1200
-9.2779763231e-01 -1.5715205404e-01 -7.0416707644e+00
68 71 74
12 28 150 -38.1000 38.3800 27 197 4.7300 6.4400 29 199 -32.4900 118.9800 30 132 -24.0500 67.9400 31 104 -29.8000 30.6000 23 187 37.3000 61.9700 24 186 31.7700 38.0400 25 204 43.7400 3.8300 26 185 38.8900 -34.6400 84 106 56.9200 78.8300 85 118 22.2700 82.8200 22 187 25.0900 26.1200
-9.3578073473e-01 -1.4078599670e-01 -7.0500061168e+00
183 183 183
4 32 2 -83.5700 114.9600 35 3 -51.7700 145.9100 36 2 -54.4800 98.1600 37 2 -48.1000 66.5600
-9.1315109713e-01 -1.7548814614e-01 -7.0459797820e+00
179 179 178
4 32 4 108.7300 -124.4300 34 4 133.4200 -50.8600 35 5 141.4000 -92.4200 87 2 165.1000 -94.6900
-9.4791177066e-01 -1.5240775470e-01 -7.0512226624e+00
121 123 122
6 32 12 -154.5200 21.2800 33 10 -135.5400 164.8200 34 11 -127.9000 96.3800 35 11 -123.6700 55.3000 36 9 -127.9000 9.1100 37 8 -121.6700 -22.3100
-9.3570075081e-01 -1.5322229758e-01 -7.0421548913e+00
64 61 80
8 32 19 -89.7600 38.2800 31 12 -94.2500 62.4400 33 16 -65.9800 183.3100 34 19 -59.7300 114.8000 35 19 -54.3100 73.5800 36 16 -59.4800 25.3000 87 21 -67.7600 121.7700 37 21 -54.5100 -5.0100
-9.3612526432e-01 -1.6338790647e-01 -7.0317645168e+00
47 54 60
6 32 45 -110.5900 -43.7000 33 62 -85.8400 99.1300 34 67 -78.6300 37.0800 35 71 -74.6700 -1.5600 87 46 -89.5700 28.4200 37 62 -73.9100 -78.9100
-9.3696829211e-01 -1.6193551526e-01 -7.0332837682e+00
148 156 159
5 32 62 -115.3600 -30.6100 33 92 -91.1600 112.0900 34 69 -83.5700 49.1900 36 58 -84.6400 -37.7300 37 64 -78.6700 -67.4500
-9.3614785820e-01 -1.6658974159e-01 -7.0305383386e+00
112 120 125
4 32 94 -111.1000 -76.4200 33 132 -86.3600 66.4300 34 123 -79.6200 5.7900 35 121 -75.6900 -32.1800
-9.3651553228e-01 -1.6655412629e-01 -7.0317905205e+00
112 120 125
7 32 95 -111.1000 -76.4200 33 133 -86.3600 66.4300 34 124 -79.6200 5.7900 35 122 -75.6900 -32.1800 36 84 -81.4100 -80.9700 87 73 -93.4300 -12.6600 37 85 -75.9100 -111.0000
-9.3512369297e-01 -1.6281003165e-01 -7.0318928387e+00
91 100 103
7 32 114 -101.1700 -36.7600 33 163 -76.6900 105.6600 34 127 -69.4200 43.6400 35 125 -65.3300 5.3200 36 101 -70.6300 -42.8100 87 93 -76.6000 36.0800 37 102 -64.9200 -72.5900
-1.0624993053e+00 -1.7851718695e-01 -7.3119810130e+00
166 168 164
6 32 129 -166.9300 -96.1200 31 125 -185.6200 -26.1500 35 137 -140.9500 -75.0800 36 128 -148.4800 -122.7400 86 219 -168.8300 32.7000 87 116 -178.8900 -48.7900
-1.0808571553e+00 -2.2753142999e-02 -7.3557361386e+00
49 50 50
4 32 130 -182.5600 105.5600 31 108 -192.5500 185.8600 34 151 -161.2900 172.4600 87 106 -188.0300 156.8900
-1.0633906698e+00 -2.8250958228e-02 -7.3200356797e+00
95 94 90
7 32 151 -180.9500 117.2700 31 150 -190.0900 197.7400 34 152 -158.9400 184.7000 35 162 -151.9300 133.6100 36 135 -154.1800 85.4200 87 140 -185.4500 170.2300 37 139 -147.2200 55.5100
-1.0633906698e+00 -2.8250958228e-02 -7.3200356797e+00
95 94 90
7 32 152 -180.9500 117.2700 31 151 -190.0900 197.7400 34 153 -158.9400 184.7000 35 163 -151.9300 133.6100 36 136 -154.1800 85.4200 87 141 -185.4500 170.2300 37 140 -147.2200 55.5100
-9.2603905088e-01 -1.5619067530e-01 -7.0452171288e+00
33 35 51
8 27 51 20.7400 15.4300 29 49 -14.9600 127.3400 23 45 56.8000 74.0100 24 41 50.5500 49.4200 25 47 62.2500 14.4900 26 42 57.6800 -24.1000 84 29 78.2900 88.9200 22 45 45.7500 38.0000
-9.3617871588e-01 -1.6598306502e-01 -7.0346849024e+00
48 54 60
4 27 62 -77.4100 -72.5100 29 61 -121.3300 32.5800 86 32 -74.8200 -29.4500 85 26 -91.2800 -2.6200
-9.3692472016e-01 -1.6157095848e-01 -7.0330301575e+00
152 160 163
3 27 86 -86.2300 -37.0500 29 91 -135.3200 74.2500 85 39 -94.9500 44.3800
-9.2957222857e-01 -1.5486592628e-01 -7.0446577355e+00
92 88 105
7 27 92 -5.1600 28.2300 29 98 -43.5900 141.8800 23 82 30.4100 91.9300 24 82 24.7600 67.2900 25 86 36.8600 32.0000 26 77 32.3900 -6.2800 22 82 20.8500 55.9800
-9.2541335431e-01 -1.6235365610e-01 -7.0377041632e+00
98 91 109
11 27 109 18.6500 -44.1900 29 113 -15.2600 65.6700 86 68 49.9300 10.3800 87 61 44.2400 38.6600 23 119 40.4600 1.2000 24 115 35.5900 -22.4600 25 130 47.1400 -55.1700 26 125 42.6000 -94.8500 84 68 60.4100 2.8000 85 49 34.9500 17.1100 22 122 23.0100 -32.9400
-9.2960909220e-01 -1.5721065867e-01 -7.0392809899e+00
80 82 108
9 27 113 -12.2000 5.5300 29 117 -51.3100 118.8200 30 76 -41.9900 67.8200 86 97 5.7300 69.4600 23 130 19.3200 60.7600 24 95 13.5300 37.3600 25 106 25.8600 3.6100 26 132 21.2700 -35.0400 22 103 6.7200 25.3200
-9.2880707551e-01 -1.6202616763e-01 -7.0345508763e+00
98 94 111
6 27 143 -13.6200 -43.4900 31 82 -45.6800 -12.8200 33 138 -12.2000 115.1300 23 166 8.1100 2.3800 25 176 15.2100 -52.9500 26 158 10.1800 -92.2400
-9.3603067804e-01 -1.6401853523e-01 -7.0335088440e+00
154 159 163
3 27 174 -79.9800 -59.4100 29 145 -122.1900 50.5400 85 79 -88.9600 15.0300
-9.2504991781e-01 -1.5747832102e-01 -7.0443078555e+00
62 66 69
8 27 195 27.8800 4.0500 29 196 -6.3800 115.1900 23 184 60.3200 59.1200 24 230 55.1100 34.7300 25 198 66.0700 0.2700 26 236 61.8500 -38.4100 84 146 83.2100 70.5400 22 183 47.7200 23.4100
-9.4017444396e-01 -1.5403133892e-01 -7.0379191785e+00
138 144 148
2 27 206 -98.6600 37.8300 29 202 -153.7400 156.1400
-1.0236230468e+00 -1.6041780623e-01 -7.2236653637e+00
55 57 54
3 27 238 -144.9200 72.9500 86 166 -166.8500 60.6700 87 117 -177.3800 -19.6700
-9.3585699372e-01 -1.6002109112e-01 -7.0319734905e+00
43 51 54
2 29 47 -127.1300 88.3300 86 20 -77.1500 38.6800
-9.2479266525e-01 -1.6971080329e-01 -7.0454320665e+00
81 89 110
6 29 83 -8.8300 14.8300 30 59 2.3000 -34.1700 31 51 -2.1600 -71.5100 33 90 34.1200 47.8900 35 68 42.4400 -52.0600 36 55 38.3700 -100.0200
-9.1961201181e-01 -1.6304404552e-01 -7.0436478936e+00
93 90 109
5 29 189 37.9200 64.0100 30 125 46.7300 17.9300 24 211 83.8500 -23.4800 25 242 94.9000 -57.4700 26 218 91.2200 -97.5400
-9.3400416859e-01 -1.6874712551e-01 -7.0374715751e+00
72 78 100
2 31 63 -86.8900 -73.7800 86 80 -45.2700 -54.9700
-9.2209431287e-01 -1.5475229419e-01 -7.0496273500e+00
68 65 82
5 33 22 49.9300 168.5500 34 27 51.8600 101.3700 35 34 54.1700 60.2600 36 28 48.2900 13.1300 87 31 66.4600 94.9400
-9.3559279642e-01 -1.6413761798e-01 -7.0317873637e+00
107 114 120
6 33 160 -80.1600 91.3800 34 125 -73.0900 30.1600 35 123 -68.9600 -8.0100 36 99 -74.3600 -56.2100 87 91 -82.4600 19.1000 37 100 -68.7200 -86.0600
-9.3559279642e-01 -1.6413761798e-01 -7.0317873637e+00
107 114 120
6 33 162 -80.1600 91.3800 34 126 -73.0900 30.1600 35 124 -68.9600 -8.0100 36 100 -74.3600 -56.2100 87 92 -82.4600 19.1000 37 101 -68.7200 -86.0600
-9.3790734592e-01 -1.6157808971e-01 -7.0370593664e+00
154 159 163
2 35 72 -79.3500 10.1900 87 37 -96.0400 40.4800
-9.0633679304e-01 -1.6729593259e-01 -7.0398601077e+00
132 132 132
5 27 4 179.2600 -94.3100 23 5 186.1300 -82.0900 24 3 183.7800 -103.3700 25 7 194.9600 -135.7100 22 4 156.2500 -121.7000
-9.4009408720e-01 -1.5279537320e-01 -7.0433603839e+00
66 73 76
8 27 37 -88.1800 51.6300 23 30 -53.3200 134.5000 24 18 -58.3600 108.2600 25 32 -42.9800 71.7400 26 25 -47.3900 34.1700 84 19 -55.4600 179.6900 85 13 -91.3300 159.3700 22 26 -55.0700 98.6600
-9.3722391921e-01 -1.6194132237e-01 -7.0345970825e+00
152 160 163
2 27 87 -86.2300 -37.0500 85 40 -94.9500 44.3800
-9.3741254217e-01 -1.6622730222e-01 -7.0345482574e+00
106 113 119
2 27 137 -88.5800 -74.4500 85 76 -105.5900 -1.6400
-9.3741254217e-01 -1.6622730222e-01 -7.0345482574e+00
106 113 119
2 27 138 -88.5800 -74.4500 85 77 -105.5900 -1.6400
-9.3838326422e-01 -1.6762094160e-01 -7.0357724266e+00
131 135 138
2 27 169 -94.0100 -81.1700 85 74 -115.1200 -10.5500
-9.3838326422e-01 -1.6762094160e-01 -7.0357724266e+00
131 135 138
2 27 170 -94.0100 -81.1700 85 75 -115.1200 -10.5500
-9.3721558289e-01 -1.6052789638e-01 -7.0361991294e+00
94 101 107
2 27 180 -81.8700 -21.9500 85 110 -88.2900 63.1200
-9.2730492378e-01 -1.5786227169e-01 -7.0398681658e+00
69 69 70
5 27 192 7.1400 -2.3600 23 180 37.8800 50.8200 25 196 44.3000 -6.8200 26 177 39.5500 -45.3800 22 178 24.6400 15.0900
-9.4128582066e-01 -1.5375791816e-01 -7.0414015329e+00
135 139 142
6 27 237 -100.1100 44.2500 23 199 -71.0600 124.8800 24 193 -76.0300 99.9300 25 216 -59.4200 63.8900 26 194 -63.9500 26.5500 84 161 -75.1200 171.2600
-1.1443215763e+00 -2.1929670031e-01 -7.3761106721e+00
52 53 56
4 27 295 -209.3200 20.8800 29 295 -251.1400 68.7000 84 282 -248.7300 226.1400 85 175 -274.9300 107.3400
-9.2578234472e-01 -1.5743822288e-01 -7.0441752129e+00
66 67 72
6 29 197 -13.0600 116.4400 23 185 54.7900 60.1900 24 181 49.0000 36.0400 25 200 60.6100 1.4800 26 181 56.3600 -37.1300 22 184 42.3100 24.3300
-9.3836903861e-01 -1.5565421201e-01 -7.0363728792e+00
84 87 92
2 29 201 -139.7500 139.2800 85 120 -91.6000 123.1500
-9.3790396109e-01 -1.6641538559e-01 -7.0379536350e+00
48 55 61
2 31 9 -120.9800 -52.7700 85 5 -101.6100 6.4600
-9.0864537930e-01 -1.6466286184e-01 -7.0340078840e+00
132 132 132
4 23 6 186.1300 -82.0900 24 4 183.7800 -103.3700 25 8 194.9600 -135.7100 22 5 156.2500 -121.7000
-9.1788433969e-01 -1.7098175260e-01 -7.0538068359e+00
163 164 166
5 23 18 82.1900 -27.9100 24 20 79.2600 -52.5300 25 24 90.6500 -87.5300 26 18 87.3300 -128.7000 22 32 65.2200 -56.9300
-9.3907730711e-01 -1.6646497395e-01 -7.0369077998e+00
67 78 82
4 23 24 -83.9200 4.8600 25 27 -74.7100 -53.4800 26 11 -81.6000 -92.0600 84 17 -102.7400 7.2900
-9.4574912186e-01 -1.5437636210e-01 -7.0516098829e+00
179 183 184
4 23 31 -79.3300 143.6200 24 26 -85.7100 116.2100 25 33 -67.8400 79.3000 84 13 -94.5000 184.2200
-9.2748277277e-01 -1.5474446510e-01 -7.0455989145e+00
99 95 110
5 23 81 48.5500 89.2300 24 81 42.6700 64.4300 25 85 54.0600 28.9900 26 76 49.5800 -9.3300 22 81 38.5400 53.1700
-9.4175053845e-01 -1.5384483399e-01 -7.0399506447e+00
79 85 88
4 23 105 -78.1800 127.6100 24 101 -83.9800 100.0400 25 146 -65.9200 65.2200 84 46 -85.1200 165.8000
-9.3728865952e-01 -1.5088759103e-01 -7.0404074053e+00
70 68 82
5 23 135 -33.0700 142.2100 24 104 -37.1300 115.1800 25 220 -23.9400 79.3000 26 196 -28.3500 41.2900 22 138 -38.6400 108.0900
-9.3933923588e-01 -1.5105924908e-01 -7.0388194416e+00
85 86 89
5 23 136 -55.7400 144.2900 24 196 -61.4200 118.5900 25 221 -44.6800 81.3500 26 197 -49.0800 43.5500 22 202 -59.4800 111.1700
-9.2728857202e-01 -1.5771438047e-01 -7.0393652934e+00
66 66 68
5 23 181 37.8800 50.8200 24 177 32.4900 27.0800 25 197 44.3000 -6.8200 26 178 39.5500 -45.3800 22 179 24.6400 15.0900
-9.2464592935e-01 -1.5719978836e-01 -7.0455358428e+00
30 28 39
5 23 189 65.1400 62.0100 24 184 59.5400 37.6500 25 202 70.7200 3.2100 26 183 66.2100 -35.3800 22 185 52.8300 26.0800
-9.2913748311e-01 -1.5711594225e-01 -7.0417542324e+00
22 22 32
6 23 191 25.8500 65.9300 24 188 20.2600 41.8600 25 208 32.4900 7.8500 26 187 27.7500 -30.7700 84 108 43.4100 85.1900 22 189 14.0700 30.2600
-9.4174635415e-01 -1.6538343568e-01 -7.0129902013e+00
32 34 33
3 23 213 -226.4600 -78.8000 24 204 -235.7000 -120.4400 84 168 -296.7800 -155.3800
-9.4174635415e-01 -1.6538343568e-01 -7.0129902013e+00
32 34 33
3 23 214 -226.4600 -78.8000 24 205 -235.7000 -120.4400 84 169 -296.7800 -155.3800
-9.3637653092e-01 -1.6589237534e-01 -7.0410611118e+00
38 46 49
4 24 71 -59.0300 -15.3700 25 79 -44.9200 -46.2200 26 67 -50.9800 -84.8400 84 26 -56.0400 25.9700
-9.4278089380e-01 -1.6628262863e-01 -7.0144512256e+00
15 17 15
3 24 142 -236.4500 -106.4300 25 163 -229.8900 -149.5000 84 171 -294.9600 -141.5400
-9.2583478382e-01 -1.5754587680e-01 -7.0420158869e+00
21 22 24
4 24 179 47.5100 30.8500 26 180 53.8900 -42.0000 84 102 75.1700 67.1300 22 181 39.4700 19.1300
-9.4279458523e-01 -1.6695294716e-01 -7.0143938598e+00
5 7 4
3 24 206 -238.2700 -116.5100 26 213 -241.8800 -200.6800 84 170 -298.4400 -151.7600
-9.4111733038e-01 -1.5888815126e-01 -7.0457233560e+00
99 108 113
4 24 233 -73.9000 60.2800 25 265 -58.2400 26.6300 26 239 -63.2700 -10.9000 84 154 -74.0100 123.3200
-9.3726764023e-01 -1.5271345602e-01 -7.0068562523e+00
108 110 107
3 24 277 -206.8900 17.4900 25 306 -194.3100 -24.5600 84 220 -254.5300 -11.1600
-9.4286581789e-01 -1.6712269912e-01 -7.0139545328e+00
30 32 29
2 24 302 -243.7300 -124.6600 84 209 -305.7800 -159.9100
-9.3498089820e-01 -1.4868885145e-01 -7.0022459470e+00
3 5 2
3 25 213 -198.4800 31.6200 26 189 -201.5900 -4.4500 84 143 -257.4400 47.6800
-9.3813769470e-01 -1.6802132784e-01 -7.0359398182e+00
72 76 79
2 25 241 -71.8000 -70.9100 84 82 -98.0600 -14.2200
-9.3492368523e-01 -1.4881721069e-01 -7.0024911860e+00
49 51 48
2 26 241 -189.7700 -8.2600 84 186 -244.7200 43.2200
-9.3492368523e-01 -1.4881721069e-01 -7.0024911860e+00
49 51 48
2 26 242 -189.7700 -8.2600 84 187 -244.7200 43.2200
-9.1861110710e-01 -1.7072260209e-01 -7.0451516386e+00
165 167 166
2 84 4 87.5600 -57.1400 85 7 71.7400 -54.7000
-9.7826676199e-01 -2.5718790744e-01 -7.1308739054e+00
174 173 174
2 84 123 -192.4900 -73.4100 85 61 -200.3900 -161.6300
-1.0425225829e+00 -2.9531264397e-01 -7.2605810020e+00
35 34 32
2 84 138 -206.0200 31.8200 85 101 -221.0600 -73.0600
-1.0425225829e+00 -2.9531264397e-01 -7.2605810020e+00
35 34 32
2 84 139 -206.0200 31.8200 85 102 -221.0600 -73.0600
-9.4168814837e-01 -1.7280640548e-01 -7.0402367830e+00
179 179 177
2 29 5 -149.6500 -10.5900 22 7 -119.6700 -46.9700
-9.3530507490e-01 -1.4942215218e-01 -7.0032215110e+00
62 64 61
4 23 101 -199.5700 95.5100 24 190 -202.6300 53.7300 25 137 -188.9500 12.6300 84 95 -246.9400 30.8100
-9.3952022200e-01 -1.6024456814e-01 -7.0117129663e+00
71 71 68
4 23 156 -198.7400 -28.2100 24 145 -206.4400 -69.0300 26 119 -206.6200 -150.4400 84 78 -260.4500 -102.4500
-9.3575691200e-01 -1.5028550391e-01 -7.0039720917e+00
130 131 129
3 23 195 -201.6900 77.7300 24 183 -206.5200 36.5500 84 135 -252.5800 8.5200
-9.3759760617e-01 -1.5292597308e-01 -7.0067894389e+00
28 29 26
4 23 234 -212.1800 53.6200 25 251 -205.7100 -28.6700 26 224 -210.7400 -65.1800 84 182 -266.0800 -15.5600
-9.3464121743e-01 -1.4826301547e-01 -7.0015475136e+00
1 4 1
3 24 83 -216.3700 77.6500 26 55 -205.3800 -0.2100 84 41 -260.8400 51.8100
-9.2735301165e-01 -1.6004240263e-01 -7.0351618419e+00
33 25 25
3 24 121 22.2500 -4.7800 26 163 29.0900 -76.3200 22 167 11.3100 -16.1500
