# Bundle file v0.3
101 524
0 0 0
0 0 0
0 0 0
0 0 0
0 0 0
0 0 0
0 0 0
0 0 0
0 0 0
0 0 0
0 0 0
0 0 0
0 0 0
0 0 0
0 0 0
0 0 0
0 0 0
0 0 0
0 0 0
0 0 0
0 0 0
0 0 0
0 0 0
0 0 0
0 0 0
0 0 0
0 0 0
0 0 0
0 0 0
0 0 0
0 0 0
0 0 0
0 0 0
0 0 0
0 0 0
0 0 0
0 0 0
0 0 0
0 0 0
0 0 0
0 0 0
0 0 0
0 0 0
0 0 0
0 0 0
0 0 0
0 0 0
0 0 0
0 0 0
0 0 0
0 0 0
0 0 0
0 0 0
0 0 0
0 0 0
0 0 0
0 0 0
0 0 0
0 0 0
0 0 0
0 0 0
0 0 0
0 0 0
0 0 0
0 0 0
0 0 0
0 0 0
0 0 0
0 0 0
0 0 0
0 0 0
0 0 0
0 0 0
0 0 0
0 0 0
0 0 0
0 0 0
0 0 0
0 0 0
0 0 0
0 0 0
0 0 0
0 0 0
0 0 0
0 0 0
0 0 0
0 0 0
0 0 0
0 0 0
0 0 0
0 0 0
0 0 0
0 0 0
0 0 0
0 0 0
5.3200000000e+02 0.0000000000e+00 0.0000000000e+00
-8.9227610531e-01 -4.2407822326e-01 1.5492260149e-01
4.4470245626e-01 -7.6622601657e-01 4.6382908158e-01
-7.7994084995e-02 4.8275806786e-01 8.7227379339e-01
1.9103957335e-01 3.5576569565e+00 6.2047230285e+00
5.3200000000e+02 0.0000000000e+00 0.0000000000e+00
8.8831145242e-01 2.7323038953e-01 -3.6911775593e-01
-4.4298965666e-01 7.2173702592e-01 -5.3184192153e-01
1.2109057600e-01 6.3595661774e-01 7.6216550221e-01
-1.7259281332e+00 -4.0431545726e+00 5.5231074208e+00
5.3200000000e+02 0.0000000000e+00 0.0000000000e+00
9.3393624024e-01 3.3776246136e-01 -1.1695990280e-01
-3.4865188618e-01 9.3293656267e-01 -8.9840037250e-02
7.8771577575e-02 1.2468315733e-01 9.8906478496e-01
9.9196014831e-02 -8.0858839076e-01 7.0090609391e+00
5.3200000000e+02 0.0000000000e+00 0.0000000000e+00
9.2125743303e-01 3.4016666350e-01 -1.8860377283e-01
-3.8760896115e-01 8.4320061388e-01 -3.7252116450e-01
3.2311535425e-02 4.1629240421e-01 9.0865648013e-01
-4.1685902173e-01 -2.8457400795e+00 6.4408787420e+00
5.3200000000e+02 0.0000000000e+00 0.0000000000e+00
9.5366481772e-01 2.4458638521e-01 -1.7521676748e-01
-2.9430316327e-01 8.7935495051e-01 -3.7432675445e-01
6.2522504136e-02 4.0854910497e-01 9.1059242546e-01
-3.0630019237e-01 -2.7625379216e+00 6.4829836251e+00
5.3200000000e+02 0.0000000000e+00 0.0000000000e+00
9.5291715628e-01 2.4991871084e-01 -1.7172516194e-01
-2.9603572685e-01 8.8938085385e-01 -3.4837414546e-01
6.5663853827e-02 3.8280848315e-01 9.2149114132e-01
-2.8209447294e-01 -2.5823926155e+00 6.5581689646e+00
5.3200000000e+02 0.0000000000e+00 0.0000000000e+00
9.4645006980e-01 2.5162504882e-01 -2.0227975724e-01
-3.0394970981e-01 9.0569424049e-01 -2.9552075501e-01
1.0884318669e-01 3.4117851271e-01 9.3367573770e-01
-5.0168374957e-01 -2.2185814777e+00 6.6774292518e+00
5.3200000000e+02 0.0000000000e+00 0.0000000000e+00
9.4740198533e-01 2.5805630898e-01 -1.8930509657e-01
-2.9704049814e-01 9.2919376256e-01 -2.1992247291e-01
1.1914873333e-01 2.6458626764e-01 9.5697318997e-01
-4.0893870105e-01 -1.6801488065e+00 6.8391059171e+00
5.3200000000e+02 0.0000000000e+00 0.0000000000e+00
9.8922338515e-01 6.5305295270e-02 -1.3104317105e-01
-9.4389874738e-02 9.6864781318e-01 -2.2980854110e-01
1.1192696644e-01 2.3970113146e-01 9.6437322742e-01
6.4933088539e-03 -1.5508385444e+00 6.8763361758e+00
5.3200000000e+02 0.0000000000e+00 0.0000000000e+00
9.9754165418e-01 -7.9331562513e-03 -6.9625521190e-02
2.6574704778e-04 9.9399244050e-01 -1.0944842442e-01
7.0075513181e-02 1.0916085956e-01 9.9155097155e-01
4.3036443461e-01 -6.0773980865e-01 7.0104769873e+00
5.3200000000e+02 0.0000000000e+00 0.0000000000e+00
9.9661316982e-01 4.8983826722e-02 -6.6051301700e-02
-6.8000798515e-02 9.4256891890e-01 -3.2701639795e-01
4.6239389463e-02 3.3040039021e-01 9.4270753737e-01
4.6442609928e-01 -2.2036501004e+00 6.6825979877e+00
5.3200000000e+02 0.0000000000e+00 0.0000000000e+00
9.9769905178e-01 7.0471319591e-04 -6.7794582839e-02
-1.2626294875e-02 9.8438376895e-01 -1.7558237980e-01
6.6612151750e-02 1.7603436823e-01 9.8212765079e-01
4.4642668945e-01 -1.0840563136e+00 6.9532329360e+00
5.3200000000e+02 0.0000000000e+00 0.0000000000e+00
9.9833083827e-01 -1.3542172159e-02 -5.6143983921e-02
9.8372407134e-03 9.9778772336e-01 -6.5748671580e-02
5.6910157726e-02 6.5086624529e-02 9.9625547188e-01
5.2619620001e-01 -2.9141537946e-01 7.0251946392e+00
5.3200000000e+02 0.0000000000e+00 0.0000000000e+00
9.9072579978e-01 -1.0364676407e-01 -8.7862039264e-02
1.0839297392e-01 9.9279510425e-01 5.1076845933e-02
8.1935052630e-02 -6.0126776768e-02 9.9482230467e-01
2.8225025982e-01 6.2038078045e-01 7.0177670187e+00
5.3200000000e+02 0.0000000000e+00 0.0000000000e+00
9.8994416227e-01 -6.6810976790e-02 -1.2468700397e-01
4.2472983138e-02 9.8115083033e-01 -1.8851815259e-01
1.3493183939e-01 1.8132661562e-01 9.7412219828e-01
3.0797493451e-02 -1.1149694740e+00 6.9606060543e+00
5.3200000000e+02 0.0000000000e+00 0.0000000000e+00
9.8903535341e-01 -7.4692361223e-02 -1.2739749168e-01
6.7908975413e-02 9.9607399900e-01 -5.6788727513e-02
1.3113901315e-01 4.7514626055e-02 9.9022468134e-01
1.0169765024e-02 -1.6789279135e-01 7.0476816408e+00
5.3200000000e+02 0.0000000000e+00 0.0000000000e+00
9.8767471912e-01 -8.1612074639e-02 -1.3355941927e-01
8.6577030639e-02 9.9573785767e-01 3.1788937695e-02
1.3039580886e-01 -4.2960308044e-02 9.9053083999e-01
-3.5247621855e-02 4.6889045827e-01 7.0340232770e+00
5.3200000000e+02 0.0000000000e+00 0.0000000000e+00
9.8883511252e-01 -8.3831733473e-02 -1.2319643142e-01
9.8726332055e-02 9.8782363705e-01 1.2023965009e-01
1.1161644866e-01 -1.3105991972e-01 9.8507109684e-01
3.7895659712e-02 1.0964793824e+00 6.9642415166e+00
5.3200000000e+02 0.0000000000e+00 0.0000000000e+00
9.8789241658e-01 -8.1572852337e-02 -1.3196379439e-01
1.0445058800e-01 9.7865752601e-01 1.7697322241e-01
1.1471115000e-01 -1.8861420028e-01 9.7532868076e-01
-2.3739338688e-02 1.4965175142e+00 6.8891375814e+00
5.3200000000e+02 0.0000000000e+00 0.0000000000e+00
9.8664402169e-01 -1.2404630723e-01 -1.0557503554e-01
1.4217611507e-01 9.7211197474e-01 1.8650539099e-01
7.9495451248e-02 -1.9902467744e-01 9.7676489034e-01
1.5248236156e-01 1.6022388711e+00 6.8673973063e+00
5.3200000000e+02 0.0000000000e+00 0.0000000000e+00
9.7824970413e-01 -1.5824333426e-01 -1.3411399456e-01
1.7822326939e-01 9.7200597772e-01 1.5310403495e-01
1.0613191143e-01 -1.7367621147e-01 9.7906720451e-01
-6.1030676174e-02 1.4043338409e+00 6.9113196238e+00
5.3200000000e+02 0.0000000000e+00 0.0000000000e+00
9.7464030431e-01 -1.6815788621e-01 -1.4764552997e-01
1.9834288253e-01 9.5465587780e-01 2.2201859364e-01
1.0361649561e-01 -2.4567270968e-01 9.6379901513e-01
-1.6055490018e-01 1.9047645141e+00 6.7890832215e+00
5.3200000000e+02 0.0000000000e+00 0.0000000000e+00
9.6783633162e-01 -2.1110030115e-01 -1.3685575640e-01
2.3777432925e-01 9.4526995066e-01 2.2344594140e-01
8.2196128579e-02 -2.4879988592e-01 9.6506083394e-01
-9.7596199536e-02 1.9530653453e+00 6.7817903396e+00
5.3200000000e+02 0.0000000000e+00 0.0000000000e+00
9.6175774079e-01 -2.2590372999e-01 -1.5488561197e-01
2.6640399982e-01 9.0291055583e-01 3.3731504125e-01
6.3647127995e-02 -3.6567749856e-01 9.2856287356e-01
-2.3148784775e-01 2.7725954842e+00 6.4893320747e+00
5.3200000000e+02 0.0000000000e+00 0.0000000000e+00
9.5577707233e-01 -2.5038040111e-01 -1.5427197657e-01
2.9261784650e-01 8.6209755424e-01 4.1371802340e-01
2.9410609044e-02 -4.4056493473e-01 8.9723885023e-01
-2.3596025667e-01 3.3299669950e+00 6.2273103720e+00
5.3200000000e+02 0.0000000000e+00 0.0000000000e+00
9.4798407619e-01 -2.8709282376e-01 -1.3749146098e-01
3.1632522808e-01 8.0138847814e-01 5.0765623919e-01
-3.5560390539e-02 -5.2474204868e-01 8.5051821907e-01
-1.3246883103e-01 4.0032552569e+00 5.8258829487e+00
5.3200000000e+02 0.0000000000e+00 0.0000000000e+00
9.3576948437e-01 -3.2041343793e-01 -1.4720971746e-01
3.4558284891e-01 7.5042244698e-01 5.6341693763e-01
-7.0056881579e-02 -5.7810153075e-01 8.1295181498e-01
-2.1797030307e-01 4.4172873039e+00 5.5187073856e+00
5.3200000000e+02 0.0000000000e+00 0.0000000000e+00
8.6473266217e-01 -5.0129039828e-01 -3.0746700117e-02
4.1732569339e-01 6.8313394273e-01 5.9930566653e-01
-2.7942206179e-01 -5.3107057241e-01 7.9992959597e-01
4.9540546421e-01 4.7203517149e+00 5.2243906289e+00
5.3200000000e+02 0.0000000000e+00 0.0000000000e+00
8.7200938376e-01 -4.8806073348e-01 -3.7367834744e-02
3.9073434745e-01 6.4806757984e-01 6.5370871318e-01
-2.9483267181e-01 -5.8464102866e-01 7.5582310314e-01
4.5991602760e-01 5.0721660321e+00 4.8899550178e+00
5.3200000000e+02 0.0000000000e+00 0.0000000000e+00
8.3833717335e-01 -5.3999697296e-01 -7.4793401962e-02
4.2661988207e-01 5.6444016199e-01 7.0668435653e-01
-3.3939101345e-01 -6.2434811822e-01 7.0356461485e-01
1.5652771286e-01 5.4631734890e+00 4.4738334282e+00
5.3200000000e+02 0.0000000000e+00 0.0000000000e+00
8.1295884526e-01 -5.7270972911e-01 -1.0536357104e-01
4.4640359546e-01 4.9673695876e-01 7.4429579050e-01
-3.7392746071e-01 -6.5211652332e-01 6.5948638662e-01
-8.5536646788e-02 5.7367434323e+00 4.1275548093e+00
0 0 0
0 0 0
0 0 0
0 0 0
0 0 0
0 0 0
0 0 0
0 0 0
0 0 0
0 0 0
0 0 0
0 0 0
0 0 0
0 0 0
0 0 0
0 0 0
0 0 0
0 0 0
0 0 0
0 0 0
0 0 0
0 0 0
0 0 0
0 0 0
0 0 0
0 0 0
0 0 0
0 0 0
0 0 0
0 0 0
0 0 0
0 0 0
0 0 0
0 0 0
0 0 0
0 0 0
0 0 0
0 0 0
0 0 0
0 0 0
0 0 0
0 0 0
0 0 0
0 0 0
0 0 0
0 0 0
0 0 0
0 0 0
0 0 0
0 0 0
0 0 0
0 0 0
0 0 0
0 0 0
0 0 0
0 0 0
0 0 0
0 0 0
0 0 0
0 0 0
0 0 0
0 0 0
0 0 0
0 0 0
0 0 0
0 0 0
0 0 0
0 0 0
0 0 0
0 0 0
0 0 0
0 0 0
0 0 0
0 0 0
0 0 0
0 0 0
0 0 0
0 0 0
0 0 0
0 0 0
0 0 0
0 0 0
0 0 0
0 0 0
0 0 0
0 0 0
0 0 0
0 0 0
0 0 0
0 0 0
0 0 0
0 0 0
0 0 0
0 0 0
0 0 0
0 0 0
0 0 0
0 0 0
0 0 0
0 0 0
0 0 0
0 0 0
0 0 0
0 0 0
0 0 0
0 0 0
0 0 0
0 0 0
0 0 0
0 0 0
0 0 0
0 0 0
0 0 0
0 0 0
0 0 0
0 0 0
0 0 0
0 0 0
0 0 0
0 0 0
0 0 0
0 0 0
0 0 0
0 0 0
0 0 0
0 0 0
0 0 0
0 0 0
0 0 0
0 0 0
0 0 0
0 0 0
0 0 0
0 0 0
0 0 0
0 0 0
0 0 0
0 0 0
0 0 0
0 0 0
0 0 0
0 0 0
0 0 0
0 0 0
0 0 0
0 0 0
0 0 0
0 0 0
0 0 0
0 0 0
0 0 0
0 0 0
0 0 0
0 0 0
0 0 0
0 0 0
0 0 0
0 0 0
0 0 0
0 0 0
5.3200000000e+02 0.0000000000e+00 0.0000000000e+00
9.5686277368e-01 2.8797829758e-01 3.8498473532e-02
-2.8070896362e-01 9.5051070818e-01 -1.3316107305e-01
-7.4940710461e-02 1.1661000710e-01 9.9034640210e-01
1.2070570648e+00 -1.0432575782e+00 6.8885288789e+00
5.3200000000e+02 0.0000000000e+00 0.0000000000e+00
9.3166816363e-01 3.4968793663e-01 -9.8553436518e-02
-3.4658168446e-01 7.7407854501e-01 -5.2979575513e-01
-1.0897508370e-01 5.2775065433e-01 8.4237977064e-01
2.2901945528e-01 -3.9196323305e+00 5.8733133986e+00
5.3200000000e+02 0.0000000000e+00 0.0000000000e+00
9.3772797705e-01 3.2439690852e-01 -1.2422917048e-01
-3.4389953867e-01 8.1653118082e-01 -4.6369164112e-01
-4.8983143620e-02 4.7753897903e-01 8.7724407958e-01
5.1346856151e-02 -3.4484741737e+00 6.1658924538e+00
5.3200000000e+02 0.0000000000e+00 0.0000000000e+00
9.7476229400e-01 2.1801955847e-01 -4.8020228250e-02
-2.2198262039e-01 9.2371520422e-01 -3.1220816412e-01
-2.3710471146e-02 3.1498840236e-01 9.4879930435e-01
6.0304665955e-01 -2.2505088531e+00 6.6648729338e+00
5.3200000000e+02 0.0000000000e+00 0.0000000000e+00
9.9555608369e-01 2.7433059130e-02 -9.0086133699e-02
-4.2739591792e-02 9.8405423123e-01 -1.7265745650e-01
8.3913118828e-02 1.7574042579e-01 9.8085365434e-01
2.9661560220e-01 -1.0930546719e+00 6.9690202634e+00
5.3200000000e+02 0.0000000000e+00 0.0000000000e+00
9.9689562877e-01 -4.5443482175e-02 -6.4296152853e-02
4.5334546588e-02 9.9896688523e-01 -3.1529494027e-03
6.4373008548e-02 2.2832454031e-04 9.9792588083e-01
4.6704493463e-01 1.8655275591e-01 7.0435870913e+00
5.3200000000e+02 0.0000000000e+00 0.0000000000e+00
9.9063106168e-01 -1.2269796820e-01 -5.9960889206e-02
1.2874189875e-01 9.8552464243e-01 1.1030277726e-01
4.5559007238e-02 -1.1698883607e-01 9.9208769224e-01
4.7882131442e-01 1.0595057952e+00 6.9669610787e+00
5.3200000000e+02 0.0000000000e+00 0.0000000000e+00
9.7764400981e-01 -2.0565159301e-01 -4.3813381232e-02
2.1024245255e-01 9.5925393926e-01 1.8875908234e-01
3.2095525605e-03 -1.9375061887e-01 9.8104556289e-01
5.6542034260e-01 1.6836333717e+00 6.8390227969e+00
5.3200000000e+02 0.0000000000e+00 0.0000000000e+00
9.7137986926e-01 -2.2718788426e-01 -6.9331196745e-02
2.3753005638e-01 9.3004434577e-01 2.8035154220e-01
7.8861379504e-04 -2.8879608748e-01 9.5739030596e-01
3.7714884595e-01 2.3485839031e+00 6.6539495250e+00
5.3200000000e+02 0.0000000000e+00 0.0000000000e+00
9.5161292521e-01 -2.9604497868e-01 -8.2402737606e-02
3.0621393638e-01 8.9100686189e-01 3.3517129536e-01
-2.5804374346e-02 -3.4418620348e-01 9.3854674449e-01
2.5497189840e-01 2.7958799376e+00 6.4861039832e+00
5.3200000000e+02 0.0000000000e+00 0.0000000000e+00
9.1861404532e-01 -3.7401715691e-01 -1.2751236048e-01
3.9258653510e-01 8.2708048646e-01 4.0226071318e-01
-4.4989423145e-02 -4.1958197679e-01 9.0660185118e-01
-1.0662363055e-01 3.3389644846e+00 6.2290624937e+00
5.3200000000e+02 0.0000000000e+00 0.0000000000e+00
9.7509940471e-01 -2.0460866809e-01 -8.5536213879e-02
2.1357584356e-01 9.7028171361e-01 1.1374864961e-01
5.9720264485e-02 -1.2918470955e-01 9.8982059022e-01
2.7075872022e-01 1.1613048281e+00 6.9630730117e+00
5.3200000000e+02 0.0000000000e+00 0.0000000000e+00
9.5987392399e-01 -2.6099717715e-01 -1.0257935254e-01
2.8011011628e-01 9.0984511905e-01 3.0613752155e-01
1.3430294281e-02 -3.2258693846e-01 9.4644455428e-01
1.2705490861e-01 2.5670774008e+00 6.5829133129e+00
5.3200000000e+02 0.0000000000e+00 0.0000000000e+00
9.0958227374e-01 -3.6149401949e-01 -2.0489548841e-01
4.1533119422e-01 7.7592919875e-01 4.7479877594e-01
-1.2652525816e-02 -5.1696803808e-01 8.5591118768e-01
-6.5425107016e-01 3.8582765482e+00 5.8883892997e+00
5.3200000000e+02 0.0000000000e+00 0.0000000000e+00
8.8901956217e-01 -4.1328051695e-01 -1.9708737246e-01
4.3357928726e-01 6.2153791195e-01 6.5245660826e-01
-1.4715033040e-01 -6.6549969069e-01 7.3174923433e-01
-6.3271001887e-01 5.0992693788e+00 4.8625934005e+00
5.3200000000e+02 0.0000000000e+00 0.0000000000e+00
7.9492083898e-01 -5.8619261325e-01 -1.5645791744e-01
4.7724080213e-01 4.4490642349e-01 7.5782550176e-01
-3.7462257879e-01 -6.7707938568e-01 6.3342042038e-01
-4.5858326392e-01 5.8504687433e+00 3.9430419246e+00
5.3200000000e+02 0.0000000000e+00 0.0000000000e+00
7.3994236731e-01 -6.4704334893e-01 -1.8390268532e-01
5.1028556769e-01 3.6180189304e-01 7.8019742989e-01
-4.3828521818e-01 -6.7114401941e-01 5.9788943186e-01
-7.1549987746e-01 6.0264640046e+00 3.6465858376e+00
0 0 0
0 0 0
0 0 0
0 0 0
0 0 0
0 0 0
0 0 0
0 0 0
0 0 0
0 0 0
-9.2898044489e-01 -1.5519328264e-01 -7.0444688918e+00
30 31 52
29 28 44 -50.2500 47.6900 32 66 -37.5100 21.3400 27 52 -5.0600 17.1200 29 50 -44.8700 130.7100 30 48 -36.7600 78.1300 31 43 -42.2100 39.6600 33 95 -12.1600 162.9000 34 74 -7.5800 96.4300 35 78 -4.5900 56.1100 36 63 -9.8100 8.4200 86 37 11.6900 81.1600 87 50 -1.0300 95.7000 23 46 31.0500 76.5900 24 42 25.0600 52.5000 25 48 37.1100 17.7100 26 43 32.6200 -20.7000 37 68 -4.3800 -21.3900 84 22 49.1500 97.0900 85 22 11.6000 98.0500 22 46 20.0800 40.8300 19 34 41.1100 6.4800 20 37 50.9800 -3.3500 21 48 24.6000 1.8900 38 81 -21.9700 19.5100 39 76 -16.1200 52.5100 88 69 -12.1600 79.0500 93 77 -21.2400 92.6500 82 12 26.1900 80.4600 83 15 33.6600 142.3100
-9.2812194982e-01 -1.5730886796e-01 -7.0426633739e+00
23 21 21
30 28 42 -43.8300 30.2500 32 65 -28.7500 6.7600 27 68 -1.1100 -2.5900 29 64 -38.8200 109.7500 30 47 -29.7200 59.4300 33 94 -3.3400 146.9800 34 73 1.3300 82.0900 35 77 4.2200 42.4500 36 62 -1.0200 -5.0800 86 50 20.5400 59.1600 87 49 10.7000 78.4900 23 76 29.1600 51.6300 24 53 23.7700 27.5800 25 83 35.9300 -5.7800 26 74 31.0400 -44.3500 37 67 4.2300 -34.8300 84 43 47.6100 67.7000 85 29 15.1300 72.9300 22 58 16.1100 15.6500 19 49 33.7300 -19.8300 20 73 43.2300 -29.2000 21 61 19.8500 -24.3200 38 69 -11.6200 7.4700 39 75 -5.5400 41.9000 88 67 2.4500 64.3200 93 63 -5.0900 79.8600 40 81 -0.0100 33.0800 89 70 -20.6000 68.1300 82 19 23.8200 44.6000 83 28 31.0100 111.0500
-9.2445803690e-01 -1.5734083536e-01 -7.0458039097e+00
26 27 30
22 28 41 -8.7000 28.4000 32 64 5.9800 5.7300 27 67 31.9000 -4.1300 29 63 -1.8300 106.7500 30 46 5.9300 57.1300 33 93 32.0900 143.9300 34 72 35.4000 79.3300 35 76 37.7900 39.9200 36 61 32.3400 -7.4900 86 49 60.3800 54.7700 23 75 63.0400 48.3300 24 76 57.7400 24.4600 25 82 68.7900 -9.5300 26 73 64.3900 -48.3500 37 66 37.4200 -37.0500 84 42 86.2100 56.9400 85 41 52.3600 64.1500 22 80 49.6800 13.5700 19 67 68.1400 -19.2900 20 74 77.2900 -27.4700 21 85 53.8500 -23.4700 82 27 65.4100 44.8600
-9.2536492556e-01 -1.6129200264e-01 -7.0402016741e+00
93 90 102
25 28 73 -20.6300 -7.4800 32 74 -2.0100 -25.3300 27 110 18.6500 -44.1900 29 114 -15.2600 65.6700 30 75 -5.6600 19.6400 31 55 -11.0200 -14.7600 33 110 22.9500 112.5100 34 88 27.4400 50.5600 35 90 30.2300 12.1700 36 73 25.1200 -35.4200 86 69 49.9300 10.3800 87 62 44.2400 38.6600 23 120 40.4600 1.2000 24 116 35.5900 -22.4600 25 131 47.1400 -55.1700 26 126 42.6000 -94.8500 37 80 30.3100 -65.1000 84 69 60.4100 2.8000 85 50 34.9500 17.1100 22 123 23.0100 -32.9400 21 162 26.1400 -72.3100 38 79 16.9600 -19.5700 39 73 23.2400 17.7700 88 66 39.3000 30.7000 93 62 34.9500 50.5900
-9.2395998280e-01 -1.6135423966e-01 -7.0416721619e+00
95 93 105
15 28 94 -6.5300 -7.3700 32 97 12.3600 -25.0900 27 140 31.7800 -43.5400 29 146 -0.7200 65.9800 30 96 8.6900 19.7300 31 79 3.2900 -14.8600 86 89 66.0400 10.2500 23 163 53.5600 1.7800 24 152 48.9100 -21.9900 25 173 60.2100 -55.0600 26 154 55.9100 -94.7800 84 84 75.9200 1.6100 85 106 50.0600 15.8100 22 157 36.0000 -32.4000 21 164 39.2300 -70.8100
-9.3679397781e-01 -1.5124406679e-01 -7.0466730851e+00
64 64 74
10 28 47 -112.6100 81.2400 32 49 -98.6800 44.8800 27 69 -64.6400 56.9400 30 36 -99.8200 113.0100 31 30 -103.0000 70.9600 86 40 -62.6900 124.7500 23 62 -28.7600 138.8800 25 62 -18.6300 74.9700 26 56 -23.0400 36.8800 85 23 -56.5900 159.3800
-9.2388066534e-01 -1.6131975754e-01 -7.0414415492e+00
95 93 105
23 28 95 -6.5300 -7.3700 32 98 12.3600 -25.0900 27 141 31.7800 -43.5400 29 147 -0.7200 65.9800 30 97 8.6900 19.7300 31 80 3.2900 -14.8600 33 136 37.4100 112.0400 34 104 41.5000 50.0400 35 107 44.1800 11.5300 36 87 39.0100 -35.9300 86 90 66.0400 10.2500 87 77 60.8800 37.1200 23 164 53.5600 1.7800 24 153 48.9100 -21.9900 25 174 60.2100 -55.0600 26 155 55.9100 -94.7800 37 88 44.2300 -65.3600 84 85 75.9200 1.6100 38 95 31.4300 -20.2100 39 84 37.6500 17.3900 88 81 56.2800 29.4600 93 74 52.6300 50.4900 40 99 42.8700 11.2200
-9.2873230138e-01 -1.6101110690e-01 -7.0376962956e+00
96 92 107
23 28 96 -55.4200 -6.0800 32 99 -36.9200 -24.6100 27 142 -13.6200 -43.4900 29 148 -51.6100 67.4800 30 98 -41.0800 21.1600 31 81 -45.6800 -12.8200 33 137 -12.2000 115.1300 34 105 -6.7800 53.0000 35 108 -3.6700 14.5700 36 88 -8.7600 -33.1900 86 91 9.5200 13.3700 87 78 2.9400 44.1300 23 165 8.1100 2.3800 24 154 3.0000 -20.8300 25 175 15.2100 -52.9500 26 157 10.1800 -92.2400 37 89 -3.3100 -62.8700 84 88 21.6800 9.8700 38 96 -18.6000 -17.0100 39 85 -11.8300 19.7100 88 82 -2.9600 35.3500 93 75 -9.0300 52.6000 89 76 -24.7200 44.1900
-9.2967134339e-01 -1.6084365868e-01 -7.0369275503e+00
97 94 113
14 28 98 -65.8000 -5.1700 32 101 -47.3500 -23.9900 27 145 -23.3200 -42.7700 29 150 -62.4900 68.5800 30 100 -51.6900 22.1700 31 84 -56.0100 -11.8400 33 140 -22.6500 116.2900 86 93 -2.7100 14.8400 23 167 -1.6400 3.3800 24 155 -6.8000 -19.7100 25 177 5.6600 -51.5600 26 159 0.5000 -90.7400 84 90 9.8900 12.9000 85 81 -14.2000 26.4500
-9.1971120314e-01 -1.6181244955e-01 -7.0456089374e+00
90 89 105
11 28 117 30.9800 -8.9100 32 116 50.1000 -26.0100 27 176 66.9900 -44.1200 29 191 37.9200 64.0100 30 127 46.7300 17.9300 31 100 40.5400 -16.8700 33 165 75.8400 109.1400 86 123 108.6500 7.4200 24 212 83.8500 -23.4800 25 243 94.9000 -57.4700 26 219 91.2200 -97.5400
-9.3715805293e-01 -1.5388757360e-01 -7.0451585230e+00
55 58 65
12 28 5 -114.8600 60.5900 32 7 -100.8700 23.2700 27 5 -71.4700 32.7800 29 6 -119.2100 151.2300 30 6 -106.4900 91.9500 31 6 -109.9500 49.0200 33 6 -79.4800 169.1200 34 7 -72.8400 100.4600 35 9 -68.1300 57.5600 86 2 -72.3800 94.5900 87 6 -84.1400 103.6300 37 9 -67.4500 -18.4300
-9.3734562249e-01 -1.6531121888e-01 -7.0405772484e+00
50 56 63
23 28 8 -129.3500 -46.3300 32 9 -107.3900 -73.1900 27 13 -86.0600 -69.9300 29 9 -128.2700 32.5000 30 8 -116.4600 -16.4400 31 8 -120.9800 -52.7700 33 8 -82.7600 68.5000 34 10 -76.2600 6.8900 35 10 -72.0900 -32.4500 36 8 -77.9700 -81.0800 86 3 -84.4200 -27.6900 87 9 -89.7900 -13.6600 37 7 -72.6900 -111.4100 85 4 -101.6100 6.4600 38 12 -92.4000 -80.2300 39 14 -80.4000 -44.3900 88 14 -97.2500 -41.7100 93 13 -98.3800 -34.7500 40 13 -71.4100 -49.4700 89 12 -116.6000 -43.4200 41 13 -70.6500 -19.4600 90 10 -100.9900 -47.7000 94 9 -95.2600 -40.3500
-9.1517846507e-01 -1.6883028359e-01 -7.0512558376e+00
103 105 104
12 28 28 64.0300 -60.0400 32 34 89.5400 -82.3200 27 46 94.3900 -85.6700 29 41 67.3300 14.1300 30 34 78.4100 -33.7400 31 27 73.3400 -70.1700 33 42 110.1400 49.7300 34 37 114.6500 -10.7200 35 43 118.3200 -49.8500 36 36 114.8800 -97.6600 86 11 138.8500 -51.6900 37 38 121.1600 -128.1000
-9.3498087016e-01 -1.6055579817e-01 -7.0356773763e+00
39 48 51
20 28 39 -121.7300 -3.2600 32 46 -103.0100 -24.7100 27 66 -74.2300 -40.6600 29 46 -121.4700 72.1200 30 44 -108.6000 24.3100 31 41 -112.1200 -9.8400 33 46 -78.6900 118.2600 34 53 -71.0000 55.2100 35 56 -66.8900 16.4600 36 46 -72.1000 -31.3400 86 35 -69.6700 18.6600 87 38 -78.0200 50.3400 37 47 -66.1500 -61.1700 85 28 -77.9200 36.8900 38 42 -84.7300 -18.4000 39 37 -76.5900 16.5700 88 38 -85.3600 35.6400 93 34 -93.5600 46.2900 40 35 -69.2100 11.1900 89 37 -110.2500 40.7900
-9.3551764480e-01 -1.6739225322e-01 -7.0398162084e+00
76 83 93
28 28 89 -112.8000 -65.2000 32 92 -90.9000 -94.3200 27 136 -70.8200 -88.1800 29 108 -112.9500 12.5000 30 71 -100.3500 -37.4300 31 75 -104.9700 -74.3800 34 84 -61.1500 -13.9800 35 104 -57.3900 -52.9700 36 83 -63.1900 -101.5800 86 62 -66.6300 -54.6500 87 71 -71.7300 -39.1600 37 76 -57.9600 -131.8100 85 71 -87.9800 -24.2700 38 77 -72.9700 -92.9500 39 69 -62.0800 -56.8100 88 77 -73.5700 -57.5200 93 58 -72.2700 -48.9700 40 75 -54.4800 -62.6100 89 61 -91.0500 -60.1600 41 69 -53.3000 -34.3800 90 58 -79.9100 -66.3700 94 47 -74.1100 -59.1200 42 69 -41.2100 -54.1900 43 56 -33.8200 -35.7000 91 35 -79.6100 -19.4000 44 38 -49.0200 -36.6100 95 60 -37.1300 -63.9000 46 25 -119.4200 -59.6800
-9.2976977178e-01 -1.6080816415e-01 -7.0375294897e+00
97 94 113
20 28 97 -65.8000 -5.1700 32 100 -47.3500 -23.9900 27 144 -23.3200 -42.7700 29 149 -62.4900 68.5800 30 99 -51.6900 22.1700 31 83 -56.0100 -11.8400 33 139 -22.6500 116.2900 34 106 -17.0400 53.9600 35 109 -13.6600 15.5800 36 89 -18.8000 -32.3200 86 92 -2.7100 14.8400 87 79 -9.5300 46.1700 37 90 -13.2800 -61.8500 84 89 9.8900 12.9000 85 80 -14.2000 26.4500 38 105 -29.0900 -15.8700 39 97 -22.2400 20.6500 88 92 -15.6400 37.1300 93 84 -22.2600 53.4600 89 87 -37.9800 45.5300
-9.1968016159e-01 -1.6176021211e-01 -7.0445273835e+00
90 89 105
8 28 116 30.9800 -8.9100 32 115 50.1000 -26.0100 27 175 66.9900 -44.1200 29 190 37.9200 64.0100 30 126 46.7300 17.9300 31 99 40.5400 -16.8700 33 164 75.8400 109.1400 86 122 108.6500 7.4200
-9.3906934012e-01 -1.5233612182e-01 -7.0432682065e+00
66 68 73
14 28 18 -138.2000 74.4100 32 29 -124.6700 38.5900 29 14 -141.4900 167.0800 30 21 -128.0100 106.1600 31 13 -130.3600 62.9700 33 23 -103.2500 184.6500 34 20 -94.5900 114.7100 35 24 -89.6100 72.5500 36 24 -93.9200 24.0500 87 14 -109.4700 124.1400 38 27 -108.9600 32.9300 39 28 -101.6600 62.5200 88 30 -120.3900 98.4600 40 37 -94.0600 50.6100
-9.3213527549e-01 -1.6282663008e-01 -7.0359695762e+00
86 97 119
20 28 37 -91.3600 -26.9000 32 44 -71.2600 -46.2600 31 39 -81.5900 -33.6400 33 61 -46.7900 94.6600 34 51 -40.6600 33.2700 35 54 -36.9100 -4.8800 36 45 -42.0900 -52.8100 86 33 -33.8600 -11.4400 87 36 -39.8500 21.3200 37 46 -36.5300 -82.6200 38 53 -52.8900 -36.6800 39 51 -44.8300 0.0500 88 48 -44.9300 11.7600 93 33 -50.5200 25.8400 40 50 -38.0900 -4.5400 89 36 -66.9900 19.1400 41 41 -37.1000 31.4000 90 30 -57.5900 15.2000 94 25 -56.2800 23.1200 42 42 -25.6100 15.3400
-9.2695760895e-01 -1.5226716282e-01 -7.0515273466e+00
76 73 87
6 28 45 -25.9100 69.6300 32 48 -15.0000 37.6000 33 64 10.8500 179.1000 35 79 16.3500 69.4900 36 64 11.1000 22.1200 86 51 36.6100 107.2700
-1.0644095352e+00 -4.6081601384e-02 -7.3242579999e+00
118 116 117
15 28 49 -186.4500 193.1100 32 103 -180.0400 92.1400 31 66 -190.1200 170.4400 34 89 -158.0600 157.6300 35 91 -151.4500 108.0800 36 74 -154.3400 60.7100 37 92 -148.2900 31.1500 38 82 -168.5800 26.8400 39 74 -159.4700 37.5700 88 94 -196.1300 72.2500 93 83 -195.1100 52.4400 89 74 -216.1100 18.6400 41 88 -165.5000 -1.9200 90 88 -205.1600 -30.5900 94 90 -193.1900 -52.6900
-9.1837346498e-01 -1.6866462553e-01 -7.0506096370e+00
88 94 100
19 28 69 39.4800 -59.1700 32 43 64.9500 -82.8800 29 109 42.0100 15.9500 30 72 53.7200 -32.3400 31 53 48.4000 -69.2400 33 91 85.0800 49.3100 34 66 89.8100 -11.3900 35 69 93.4100 -50.6000 36 56 89.8100 -98.2900 86 81 107.5900 -51.3000 87 58 109.3700 -42.1800 37 61 95.7700 -128.9900 38 61 86.9000 -89.5400 39 57 95.1800 -51.4200 88 61 112.9300 -55.5400 93 60 119.4500 -34.2900 40 61 101.9100 -59.5600 89 53 104.6700 -50.5000 90 48 114.9600 -60.0700
-9.3371473576e-01 -1.6749344381e-01 -7.0402859970e+00
70 76 97
10 28 90 -95.4000 -64.5300 32 71 -73.0000 -92.6900 30 91 -82.4100 -37.5800 33 107 -50.0200 47.5100 34 83 -44.2700 -13.4200 35 86 -40.6100 -52.4100 87 59 -49.5900 -39.2700 37 75 -40.5400 -131.3200 88 53 -50.9000 -56.6300 93 48 -49.3400 -46.6100
-9.3630897565e-01 -1.6412767450e-01 -7.0355256859e+00
88 93 97
11 28 92 -133.1400 -39.9200 32 96 -112.6000 -64.1000 30 94 -120.4700 -13.0700 31 78 -124.4400 -47.3500 33 134 -87.8900 78.4500 34 102 -80.9900 17.2800 35 105 -76.9900 -21.0500 36 85 -82.5700 -69.5800 86 87 -87.2800 -26.0800 87 74 -93.7800 2.2600 37 86 -76.9200 -99.4300
-9.3335147692e-01 -1.7285194004e-01 -7.0343366185e+00
176 176 176
4 28 0 -104.8200 -131.8900 29 0 -104.7100 -53.8200 24 1 -76.9100 -112.3600 25 1 -59.8200 -158.3600
-9.1519119064e-01 -1.7347257400e-01 -7.0506409396e+00
171 173 170
4 28 4 64.4200 -94.4600 30 5 75.4900 -67.2800 31 3 78.8000 -110.8900 85 2 87.5300 -84.8000
-9.2234853136e-01 -1.5321173926e-01 -7.0569500537e+00
66 65 81
8 28 15 10.0400 59.1000 27 20 52.6300 34.7400 29 13 18.4900 145.8400 30 19 24.0300 90.2100 31 16 16.3500 49.9500 86 8 76.0900 93.2500 85 11 73.3300 110.0700 83 6 101.6400 169.5500
-1.0634376305e+00 -4.7292216989e-02 -7.3349339305e+00
124 122 123
6 28 19 -179.3700 185.9600 31 18 -182.6500 163.0900 34 21 -150.5800 151.2700 35 25 -144.0600 101.7700 36 25 -147.2000 54.6700 87 22 -178.5000 135.6600
-9.3650663662e-01 -1.6792834115e-01 -7.0391894811e+00
177 179 178
19 28 33 -121.9600 -70.6700 29 57 -121.7600 5.4900 30 30 -109.3800 -44.5700 34 46 -70.8300 -19.0600 36 43 -72.3300 -106.8800 86 27 -77.9800 -62.3300 87 34 -83.4200 -45.1900 37 36 -67.8200 -138.1600 85 25 -100.2200 -30.5000 38 49 -83.1300 -98.6600 39 46 -72.2000 -62.7900 88 46 -86.3200 -64.6400 93 43 -84.3400 -56.8800 40 44 -64.6300 -68.6900 89 31 -104.0800 -68.9200 41 36 -64.6300 -42.1700 90 24 -93.3200 -75.9600 94 21 -88.1800 -69.2800 42 38 -53.2700 -62.9800
-9.2612591282e-01 -1.6787282741e-01 -7.0450905430e+00
75 86 108
2 28 34 -23.0400 -60.9000 27 106 11.3000 -85.1000
-9.3704435931e-01 -1.6682097332e-01 -7.0388582669e+00
46 53 59
7 28 35 -128.7300 -60.6100 27 59 -86.0200 -85.0200 29 59 -128.5900 15.9700 30 40 -116.3200 -33.7800 31 28 -121.6900 -69.3100 86 29 -85.1000 -49.9000 85 37 -107.8400 -17.7900
-9.3662479037e-01 -1.6067448816e-01 -7.0366469588e+00
151 160 163
5 28 38 -133.9900 -4.4400 29 62 -135.1800 74.0600 30 43 -121.5600 23.8300 31 42 -124.9400 -11.7500 86 34 -86.0900 18.5400
-9.2853394341e-01 -1.5220669491e-01 -7.0499683156e+00
78 76 90
3 28 46 -39.4800 71.4100 33 65 -3.3700 181.1700 86 39 21.4200 109.2700
-9.2606617786e-01 -1.6799796442e-01 -7.0455141241e+00
73 84 106
10 28 56 -22.9400 -61.5800 29 58 -21.5100 15.0800 30 60 -9.6900 -34.4000 31 52 -13.9600 -71.3600 33 57 22.1100 49.4900 34 49 27.6700 -11.9000 35 52 30.6000 -50.2800 86 46 37.6500 -52.1400 38 52 22.0000 -89.7300 93 49 45.3600 -39.3800
-9.2052414148e-01 -1.6845731750e-01 -7.0491930681e+00
77 85 107
17 28 57 24.2500 -60.2900 32 33 46.6600 -84.1000 27 83 55.6400 -83.6700 29 86 26.4800 15.7500 30 41 37.4700 -32.8500 31 36 32.3800 -69.8700 33 43 67.7600 49.5100 34 48 73.8000 -12.2200 35 44 76.0300 -50.3800 36 37 72.2900 -98.3900 86 28 90.1700 -51.0100 87 29 90.3500 -40.6000 37 39 77.9500 -128.6300 38 50 69.9100 -90.1700 39 47 78.7000 -52.2500 88 35 93.7500 -54.2800 93 30 99.6500 -34.2700
-9.3688499097e-01 -1.5115416451e-01 -7.0456814022e+00
65 65 75
4 28 60 -113.6100 82.0800 27 96 -65.9200 57.9900 29 65 -114.4400 175.0300 31 56 -107.0700 74.0800
-1.0704005603e+00 -3.9775975487e-02 -7.3296185923e+00
10 12 13
7 28 63 -192.6900 198.8200 31 58 -195.3900 176.7900 34 75 -163.7700 163.2800 35 80 -157.0800 113.1700 36 65 -159.5000 66.0800 87 65 -191.4900 147.5900 37 69 -153.5500 36.2500
-9.3698199000e-01 -1.6563862413e-01 -7.0370469567e+00
90 96 102
4 28 70 -134.0300 -52.7100 30 73 -121.7900 -26.0600 31 65 -125.4400 -60.2900 86 84 -90.7200 -40.9100
-9.2295331926e-01 -1.6024406225e-01 -7.0438864448e+00
32 30 38
12 28 75 2.6400 3.9000 27 146 41.4500 -30.9900 29 151 9.5800 78.6700 30 101 18.2300 31.6000 31 85 12.2900 -3.8400 86 94 75.9900 23.9900 23 168 66.3600 15.8900 24 157 61.5800 -8.0100 25 180 72.4700 -41.7100 26 161 68.3400 -81.0800 84 91 90.1400 16.9000 22 227 50.2800 -18.7100
-9.2859796439e-01 -1.5819496582e-01 -7.0414790228e+00
83 82 104
5 28 99 -49.2100 21.6700 29 155 -44.6500 99.3300 30 102 -35.1000 50.3900 31 86 -40.3400 14.3100 86 95 14.6000 48.4600
-9.3774172909e-01 -1.5758457370e-01 -7.0379197766e+00
99 104 108
5 28 100 -141.0700 26.8600 29 157 -143.1100 107.4700 30 103 -129.4900 56.1200 86 96 -96.0200 58.8500 85 86 -99.9500 87.8900
-9.4044049871e-01 -1.5346264536e-01 -7.0420258699e+00
86 90 93
4 28 102 -153.3200 63.9000 29 159 -158.5600 154.6800 30 104 -143.5200 96.5000 31 87 -146.2800 55.9100
-9.3571815762e-01 -1.6332027666e-01 -7.0356280358e+00
95 102 106
4 28 112 -126.9600 -31.5700 30 120 -114.4300 -4.9000 31 96 -117.7600 -38.2600 86 118 -79.8200 -16.5500
-9.3524721201e-01 -1.6314348327e-01 -7.0341302810e+00
95 102 106
3 28 113 -126.9600 -31.5700 30 121 -114.4300 -4.9000 31 97 -117.7600 -38.2600
-9.3460726939e-01 -1.6166372659e-01 -7.0345106149e+00
80 89 92
3 28 114 -120.1000 -15.6500 30 124 -106.8800 11.3500 31 98 -110.6700 -22.3300
-9.2588212792e-01 -1.5820789083e-01 -7.0433566835e+00
65 63 66
16 28 118 -23.0800 21.8200 27 148 18.0700 -11.9700 29 154 -16.9600 99.3200 30 128 -8.5400 50.4700 31 101 -14.2900 14.1200 86 124 45.0600 47.5800 23 124 47.0300 38.9200 24 167 41.8600 15.1900 25 188 53.4500 -18.5300 26 168 48.8300 -57.2700 84 96 68.4000 48.9900 85 108 36.6400 57.4900 22 171 32.8900 3.4500 19 151 49.6800 -30.8700 20 163 59.2000 -39.1900 21 170 36.7300 -35.3300
-9.2657096816e-01 -1.5815567246e-01 -7.0427546197e+00
64 62 63
13 28 119 -30.1500 22.6100 27 185 11.6500 -11.3200 29 192 -24.2400 100.2300 86 125 37.3200 48.6200 23 172 40.9200 39.6600 24 168 35.6600 15.9600 25 189 47.2700 -17.6400 26 169 42.6100 -56.3300 84 97 61.5400 50.9400 22 174 26.6700 4.1900 19 152 43.5400 -30.6100 20 164 52.8100 -39.1100 21 171 30.5800 -35.1000
-9.2539421112e-01 -1.5732933652e-01 -7.0447899396e+00
65 65 67
17 28 120 -17.7800 29.0600 27 189 23.7100 -3.5300 29 194 -11.0600 107.6900 30 129 -2.9000 57.9700 86 139 50.4700 56.3800 23 177 54.7300 49.1900 24 172 49.2700 25.2400 25 193 60.6400 -8.9200 26 174 56.1300 -47.6300 84 99 76.7900 60.1500 85 112 43.1500 66.8000 22 175 41.3400 13.5100 19 153 59.6000 -20.3300 20 168 68.8600 -28.7000 21 172 45.4200 -24.5200 82 53 55.6700 41.0100 83 62 60.8800 102.2300
-9.2540378908e-01 -1.5729629404e-01 -7.0447024191e+00
65 65 67
15 28 121 -17.7800 29.0600 27 190 23.7100 -3.5300 29 195 -11.0600 107.6900 23 178 54.7300 49.1900 24 173 49.2700 25.2400 25 194 60.6400 -8.9200 26 175 56.1300 -47.6300 84 100 76.7900 60.1500 85 113 43.1500 66.8000 22 176 41.3400 13.5100 19 154 59.6000 -20.3300 20 169 68.8600 -28.7000 21 173 45.4200 -24.5200 82 54 55.6700 41.0100 83 63 60.8800 102.2300
-9.2723343021e-01 -1.5730041676e-01 -7.0435333515e+00
66 64 65
16 28 122 -35.1900 30.6600 27 191 7.1400 -2.3600 29 158 -29.4800 109.6800 30 130 -20.9100 59.7400 31 102 -26.5000 22.9200 33 166 5.3500 147.2500 86 126 30.4300 59.1000 23 179 37.8800 50.8200 24 176 32.4900 27.0800 25 195 44.3000 -6.8200 26 176 39.5500 -45.3800 84 101 57.6500 65.3100 85 116 24.6600 71.4600 22 177 24.6400 15.0900 82 40 35.1300 43.0500 83 64 41.5700 107.0800
-9.2831491603e-01 -1.5637239926e-01 -7.0436415354e+00
63 65 69
14 28 123 -44.3900 38.5000 27 198 -1.3100 6.4400 29 200 -39.3900 119.3400 30 133 -30.5100 68.2000 31 105 -36.0700 30.8500 86 127 19.0500 69.4400 23 190 30.9600 62.3300 24 187 25.4600 38.5200 25 206 37.4200 4.4100 26 186 32.7500 -34.0600 84 107 49.7200 80.4300 22 188 18.9000 26.6500 19 161 37.6900 -8.4100 21 184 22.7700 -13.0600
-9.2764221204e-01 -1.5636880264e-01 -7.0441566240e+00
68 71 74
18 28 149 -38.1000 38.3800 27 196 4.7300 6.4400 29 198 -32.4900 118.9800 30 131 -24.0500 67.9400 31 103 -29.8000 30.6000 86 140 26.3900 68.8900 23 186 37.3000 61.9700 24 185 31.7700 38.0400 25 203 43.7400 3.8300 26 184 38.8900 -34.6400 84 105 56.9200 78.8300 85 117 22.2700 82.8200 22 186 25.0900 26.1200 19 159 44.2700 -8.6100 20 176 53.7400 -17.9200 21 182 29.2100 -12.9800 82 43 33.7900 59.4200 83 67 41.0800 122.0400
-9.2763881946e-01 -1.5636966955e-01 -7.0441596794e+00
68 71 74
17 28 150 -38.1000 38.3800 27 197 4.7300 6.4400 29 199 -32.4900 118.9800 30 132 -24.0500 67.9400 31 104 -29.8000 30.6000 23 187 37.3000 61.9700 24 186 31.7700 38.0400 25 204 43.7400 3.8300 26 185 38.8900 -34.6400 84 106 56.9200 78.8300 85 118 22.2700 82.8200 22 187 25.0900 26.1200 19 160 44.2700 -8.6100 20 177 53.7400 -17.9200 21 183 29.2100 -12.9800 82 44 33.7900 59.4200 83 68 41.0800 122.0400
-9.3401850695e-01 -1.4220091101e-01 -7.0485068239e+00
183 183 183
8 32 2 -83.5700 114.9600 35 3 -51.7700 145.9100 36 2 -54.4800 98.1600 37 2 -48.1000 66.5600 38 0 -60.5200 101.8500 39 5 -57.9800 128.5500 40 3 -51.2600 111.8600 90 2 -88.2300 142.1600
-9.4672124769e-01 -1.5185606082e-01 -7.0526687461e+00
121 123 122
6 32 12 -154.5200 21.2800 33 10 -135.5400 164.8200 34 11 -127.9000 96.3800 35 11 -123.6700 55.3000 36 9 -127.9000 9.1100 37 8 -121.6700 -22.3100
-9.3514032083e-01 -1.5259454111e-01 -7.0441853182e+00
64 61 80
8 32 19 -89.7600 38.2800 31 12 -94.2500 62.4400 33 16 -65.9800 183.3100 34 19 -59.7300 114.8000 35 19 -54.3100 73.5800 36 16 -59.4800 25.3000 87 21 -67.7600 121.7700 37 21 -54.5100 -5.0100
-9.3567661244e-01 -1.6224866129e-01 -7.0347220393e+00
47 54 60
6 32 45 -110.5900 -43.7000 33 62 -85.8400 99.1300 34 67 -78.6300 37.0800 35 71 -74.6700 -1.5600 87 46 -89.5700 28.4200 37 62 -73.9100 -78.9100
-9.3640057789e-01 -1.6088737458e-01 -7.0358988124e+00
148 156 159
5 32 62 -115.3600 -30.6100 33 92 -91.1600 112.0900 34 69 -83.5700 49.1900 36 58 -84.6400 -37.7300 37 64 -78.6700 -67.4500
-9.3569310336e-01 -1.6533177654e-01 -7.0335342353e+00
112 120 125
4 32 94 -111.1000 -76.4200 33 132 -86.3600 66.4300 34 123 -79.6200 5.7900 35 121 -75.6900 -32.1800
-9.3612722145e-01 -1.6529300184e-01 -7.0350211318e+00
112 120 125
7 32 95 -111.1000 -76.4200 33 133 -86.3600 66.4300 34 124 -79.6200 5.7900 35 122 -75.6900 -32.1800 36 84 -81.4100 -80.9700 87 73 -93.4300 -12.6600 37 85 -75.9100 -111.0000
-9.3468516729e-01 -1.6170272693e-01 -7.0347454421e+00
91 100 103
7 32 114 -101.1700 -36.7600 33 163 -76.6900 105.6600 34 127 -69.4200 43.6400 35 125 -65.3300 5.3200 36 101 -70.6300 -42.8100 87 93 -76.6000 36.0800 37 102 -64.9200 -72.5900
-1.0598466473e+00 -1.7714621752e-01 -7.3104028153e+00
166 168 164
12 32 129 -166.9300 -96.1200 31 125 -185.6200 -26.1500 35 137 -140.9500 -75.0800 36 128 -148.4800 -122.7400 86 219 -168.8300 32.7000 87 116 -178.8900 -48.7900 38 131 -159.8300 -159.5700 39 107 -141.8900 -144.4200 40 145 -135.9800 -179.7400 89 104 -193.8200 -173.2700 41 130 -140.2800 -187.0700 90 128 -183.0400 -224.6600
-1.0794436364e+00 -2.3082966164e-02 -7.3571661815e+00
49 50 50
4 32 130 -182.5600 105.5600 31 108 -192.5500 185.8600 34 151 -161.2900 172.4600 87 106 -188.0300 156.8900
-1.0619598550e+00 -2.8609569536e-02 -7.3212644935e+00
95 94 90
7 32 151 -180.9500 117.2700 31 150 -190.0900 197.7400 34 152 -158.9400 184.7000 35 162 -151.9300 133.6100 36 135 -154.1800 85.4200 87 140 -185.4500 170.2300 37 139 -147.2200 55.5100
-1.0619598550e+00 -2.8609569536e-02 -7.3212644935e+00
95 94 90
7 32 152 -180.9500 117.2700 31 151 -190.0900 197.7400 34 153 -158.9400 184.7000 35 163 -151.9300 133.6100 36 136 -154.1800 85.4200 87 141 -185.4500 170.2300 37 140 -147.2200 55.5100
-9.2597286146e-01 -1.5518877442e-01 -7.0469920942e+00
33 35 51
11 27 51 20.7400 15.4300 29 49 -14.9600 127.3400 23 45 56.8000 74.0100 24 41 50.5500 49.4200 25 47 62.2500 14.4900 26 42 57.6800 -24.1000 84 29 78.2900 88.9200 22 45 45.7500 38.0000 19 33 67.8300 5.5400 20 36 77.5000 -3.2100 21 47 50.7200 1.1300
-9.3573649957e-01 -1.6472366723e-01 -7.0374763419e+00
48 54 60
4 27 62 -77.4100 -72.5100 29 61 -121.3300 32.5800 86 32 -74.8200 -29.4500 85 26 -91.2800 -2.6200
-9.3644644551e-01 -1.6047554428e-01 -7.0359523918e+00
152 160 163
3 27 86 -86.2300 -37.0500 29 91 -135.3200 74.2500 85 39 -94.9500 44.3800
-9.2931130626e-01 -1.5397619196e-01 -7.0461420254e+00
92 88 105
10 27 92 -5.1600 28.2300 29 98 -43.5900 141.8800 23 82 30.4100 91.9300 24 82 24.7600 67.2900 25 86 36.8600 32.0000 26 77 32.3900 -6.2800 22 82 20.8500 55.9800 19 52 42.4300 22.7300 20 56 52.0400 12.5500 21 63 24.9900 17.7900
-9.2535901727e-01 -1.6126539434e-01 -7.0402013116e+00
98 91 109
15 27 109 18.6500 -44.1900 29 113 -15.2600 65.6700 86 68 49.9300 10.3800 87 61 44.2400 38.6600 23 119 40.4600 1.2000 24 115 35.5900 -22.4600 25 130 47.1400 -55.1700 26 125 42.6000 -94.8500 84 68 60.4100 2.8000 85 49 34.9500 17.1100 22 122 23.0100 -32.9400 38 78 16.9600 -19.5700 39 72 23.2400 17.7700 88 65 39.3000 30.7000 93 61 34.9500 50.5900
-9.2941433538e-01 -1.5653782367e-01 -7.0422140386e+00
80 82 108
12 27 113 -12.2000 5.5300 29 117 -51.3100 118.8200 30 76 -41.9900 67.8200 86 97 5.7300 69.4600 23 130 19.3200 60.7600 24 95 13.5300 37.3600 25 106 25.8600 3.6100 26 132 21.2700 -35.0400 22 103 6.7200 25.3200 19 84 25.1900 -10.7000 20 95 35.0400 -20.5300 21 105 10.5100 -15.2600
-9.2862470540e-01 -1.6099049955e-01 -7.0372736545e+00
98 94 111
6 27 143 -13.6200 -43.4900 31 82 -45.6800 -12.8200 33 138 -12.2000 115.1300 23 166 8.1100 2.3800 25 176 15.2100 -52.9500 26 158 10.1800 -92.2400
-9.3559276029e-01 -1.6283065921e-01 -7.0363741754e+00
154 159 163
3 27 174 -79.9800 -59.4100 29 145 -122.1900 50.5400 85 79 -88.9600 15.0300
-9.2511771648e-01 -1.5640757262e-01 -7.0460224307e+00
62 66 69
11 27 195 27.8800 4.0500 29 196 -6.3800 115.1900 23 184 60.3200 59.1200 24 230 55.1100 34.7300 25 198 66.0700 0.2700 26 236 61.8500 -38.4100 84 146 83.2100 70.5400 22 183 47.7200 23.4100 19 112 66.3100 -9.3600 20 173 76.1800 -17.8000 21 179 51.5300 -13.6300
-9.3955399211e-01 -1.5328448508e-01 -7.0407757128e+00
138 144 148
2 27 206 -98.6600 37.8300 29 202 -153.7400 156.1400
-1.0162050731e+00 -1.5950289125e-01 -7.2108207386e+00
55 57 54
3 27 238 -144.9200 72.9500 86 166 -166.8500 60.6700 87 117 -177.3800 -19.6700
-9.3538466560e-01 -1.5899821659e-01 -7.0349069775e+00
43 51 54
2 29 47 -127.1300 88.3300 86 20 -77.1500 38.6800
-9.2475841291e-01 -1.6827514140e-01 -7.0471181671e+00
81 89 110
7 29 83 -8.8300 14.8300 30 59 2.3000 -34.1700 31 51 -2.1600 -71.5100 33 90 34.1200 47.8900 35 68 42.4400 -52.0600 36 55 38.3700 -100.0200 38 60 33.7000 -91.3400
-9.1974035063e-01 -1.6205665501e-01 -7.0466136959e+00
93 90 109
5 29 189 37.9200 64.0100 30 125 46.7300 17.9300 24 211 83.8500 -23.4800 25 242 94.9000 -57.4700 26 218 91.2200 -97.5400
-9.3367674373e-01 -1.6742804696e-01 -7.0402648386e+00
72 78 100
2 31 63 -86.8900 -73.7800 86 80 -45.2700 -54.9700
-9.2212372880e-01 -1.5400248055e-01 -7.0516349490e+00
68 65 82
6 33 22 49.9300 168.5500 34 27 51.8600 101.3700 35 34 54.1700 60.2600 36 28 48.2900 13.1300 87 31 66.4600 94.9400 38 46 40.0600 20.1000
-9.3513501983e-01 -1.6298360069e-01 -7.0346286470e+00
107 114 120
6 33 160 -80.1600 91.3800 34 125 -73.0900 30.1600 35 123 -68.9600 -8.0100 36 99 -74.3600 -56.2100 87 91 -82.4600 19.1000 37 100 -68.7200 -86.0600
-9.3513501983e-01 -1.6298360069e-01 -7.0346286470e+00
107 114 120
