# Bundle file v0.3
101 308
0 0 0
0 0 0
0 0 0
0 0 0
0 0 0
0 0 0
0 0 0
0 0 0
0 0 0
0 0 0
0 0 0
0 0 0
0 0 0
0 0 0
0 0 0
0 0 0
0 0 0
0 0 0
0 0 0
0 0 0
0 0 0
0 0 0
0 0 0
0 0 0
0 0 0
0 0 0
0 0 0
0 0 0
0 0 0
0 0 0
0 0 0
0 0 0
0 0 0
0 0 0
0 0 0
0 0 0
0 0 0
0 0 0
0 0 0
0 0 0
0 0 0
0 0 0
0 0 0
0 0 0
0 0 0
0 0 0
0 0 0
0 0 0
0 0 0
0 0 0
0 0 0
0 0 0
0 0 0
0 0 0
0 0 0
0 0 0
0 0 0
0 0 0
0 0 0
0 0 0
0 0 0
0 0 0
0 0 0
0 0 0
0 0 0
0 0 0
0 0 0
0 0 0
0 0 0
0 0 0
0 0 0
0 0 0
0 0 0
0 0 0
0 0 0
0 0 0
0 0 0
0 0 0
0 0 0
0 0 0
0 0 0
0 0 0
0 0 0
0 0 0
0 0 0
0 0 0
0 0 0
0 0 0
0 0 0
0 0 0
0 0 0
0 0 0
0 0 0
0 0 0
0 0 0
5.3200000000e+02 0.0000000000e+00 0.0000000000e+00
-8.9241434372e-01 -4.2375107230e-01 1.5502150771e-01
4.4449218583e-01 -7.6650874516e-01 4.6356341564e-01
-7.7610153107e-02 4.8259649016e-01 8.7239743914e-01
1.9161752949e-01 3.5550893142e+00 6.2050404317e+00
5.3200000000e+02 0.0000000000e+00 0.0000000000e+00
8.8826767597e-01 2.7312023296e-01 -3.6930458186e-01
-4.4295899928e-01 7.2206946445e-01 -5.3141604555e-01
1.2152308748e-01 6.3562648376e-01 7.6237203015e-01
-1.7271197669e+00 -4.0395647167e+00 5.5246737934e+00
5.3200000000e+02 0.0000000000e+00 0.0000000000e+00
9.3218264567e-01 3.4387183154e-01 -1.1308261841e-01
-3.5382556658e-01 9.3152786078e-01 -8.4043518611e-02
7.6439410941e-02 1.1835543106e-01 9.9002475140e-01
1.2582579187e-01 -7.7259395438e-01 7.0124472214e+00
5.3200000000e+02 0.0000000000e+00 0.0000000000e+00
9.2173130497e-01 3.3855576009e-01 -1.8918614838e-01
-3.8643223362e-01 8.4309266240e-01 -3.7398514867e-01
3.2886627255e-02 4.1782144501e-01 9.0793375851e-01
-4.2070987777e-01 -2.8546185314e+00 6.4362521799e+00
5.3200000000e+02 0.0000000000e+00 0.0000000000e+00
9.5455887069e-01 2.4408106674e-01 -1.7100232527e-01
-2.9184833008e-01 8.8177989544e-01 -3.7052499002e-01
6.0348277682e-02 4.0359465910e-01 9.1294547292e-01
-2.7585535938e-01 -2.7327915070e+00 6.4965649384e+00
5.3200000000e+02 0.0000000000e+00 0.0000000000e+00
9.5402728981e-01 2.4729230343e-01 -1.6934711973e-01
-2.9247576909e-01 8.9159459546e-01 -3.4571231081e-01
6.5496983048e-02 3.7934890802e-01 9.2293258215e-01
-2.6470253257e-01 -2.5596686534e+00 6.5673591135e+00
5.3200000000e+02 0.0000000000e+00 0.0000000000e+00
9.4744247273e-01 2.4861946733e-01 -2.0134825882e-01
-3.0056857642e-01 9.0731987452e-01 -2.9398839463e-01
1.0959603885e-01 3.3905605108e-01 9.3436058484e-01
-4.9462978270e-01 -2.2040777303e+00 6.6822980613e+00
5.3200000000e+02 0.0000000000e+00 0.0000000000e+00
9.4881369857e-01 2.5408399730e-01 -1.8760034043e-01
-2.9242667515e-01 9.3114144649e-01 -2.1785831700e-01
1.1932814032e-01 2.6156629932e-01 9.5778069827e-01
-3.9620929952e-01 -1.6607315494e+00 6.8441538853e+00
5.3200000000e+02 0.0000000000e+00 0.0000000000e+00
9.8898393548e-01 6.4714282199e-02 -1.3312714614e-01
-9.4556949620e-02 9.6815106988e-01 -2.3182426356e-01
1.1388484816e-01 2.4185856937e-01 9.6360504035e-01
-8.5043785120e-03 -1.5650139470e+00 6.8727867559e+00
5.3200000000e+02 0.0000000000e+00 0.0000000000e+00
9.9746284922e-01 -8.1065416541e-03 -7.0725868079e-02
3.4789013867e-04 9.9403845260e-01 -1.0902950847e-01
7.1188084717e-02 1.0872827934e-01 9.9151924735e-01
4.2249711735e-01 -6.0458086609e-01 7.0109172896e+00
5.3200000000e+02 0.0000000000e+00 0.0000000000e+00
9.9639078821e-01 4.9632641384e-02 -6.8862167297e-02
-6.9701323705e-02 9.4139820951e-01 -3.3001687322e-01
4.8447111877e-02 3.3362555664e-01 9.4145996479e-01
4.4450464244e-01 -2.2263108400e+00 6.6760783352e+00
5.3200000000e+02 0.0000000000e+00 0.0000000000e+00
9.9744923426e-01 2.1276661382e-03 -7.1347726685e-02
-1.4958778343e-02 9.8359060151e-01 -1.7979366945e-01
6.9794412504e-02 1.8040233275e-01 9.8111351959e-01
4.2136842660e-01 -1.1158505076e+00 6.9494218180e+00
5.3200000000e+02 0.0000000000e+00 0.0000000000e+00
9.9826632406e-01 -1.3598271119e-02 -5.7266336206e-02
9.8531238081e-03 9.9782484057e-01 -6.5180545400e-02
5.8028115523e-02 6.4503291156e-02 9.9622892110e-01
5.1818825353e-01 -2.8729633345e-01 7.0256520486e+00
5.3200000000e+02 0.0000000000e+00 0.0000000000e+00
9.9076909616e-01 -1.0275305711e-01 -8.8421758356e-02
1.0761196241e-01 9.9282953284e-01 5.2049824949e-02
8.2439454406e-02 -6.1084596957e-02 9.9472227701e-01
2.7844033761e-01 6.2651812167e-01 7.0169162914e+00
5.3200000000e+02 0.0000000000e+00 0.0000000000e+00
9.8990508161e-01 -6.6513353574e-02 -1.2515551605e-01
4.2132638334e-02 9.8122228277e-01 -1.8822240189e-01
1.3532468433e-01 1.8104918001e-01 9.7411930698e-01
2.7492404765e-02 -1.1131311390e+00 6.9606486298e+00
5.3200000000e+02 0.0000000000e+00 0.0000000000e+00
9.8882951207e-01 -7.5334712633e-02 -1.2861134137e-01
6.8483902823e-02 9.9602888044e-01 -5.6889580581e-02
1.3238637056e-01 4.7446289603e-02 9.9006196700e-01
1.2923458219e-03 -1.6803182084e-01 7.0472673965e+00
5.3200000000e+02 0.0000000000e+00 0.0000000000e+00
9.8753416719e-01 -8.1480046332e-02 -1.3467468466e-01
8.6607432501e-02 9.9570725499e-01 3.2652947876e-02
1.3143599687e-01 -4.3909730348e-02 9.9035171243e-01
-4.3227035841e-02 4.7497671507e-01 7.0333583295e+00
5.3200000000e+02 0.0000000000e+00 0.0000000000e+00
9.8869761468e-01 -8.3825690694e-02 -1.2429915646e-01
9.8913770927e-02 9.8775497449e-01 1.2064897967e-01
1.1266362607e-01 -1.3158025671e-01 9.8488250234e-01
2.9981230096e-02 1.0994881272e+00 6.9635455809e+00
5.3200000000e+02 0.0000000000e+00 0.0000000000e+00
9.8776316536e-01 -8.1724061548e-02 -1.3283488597e-01
1.0479087697e-01 9.7858519467e-01 1.7717191899e-01
1.1551104393e-01 -1.8892377971e-01 9.7517434554e-01
-3.0038491133e-02 1.4981752910e+00 6.8885226973e+00
5.3200000000e+02 0.0000000000e+00 0.0000000000e+00
9.8631075596e-01 -1.2535401607e-01 -1.0713292370e-01
1.4373254182e-01 9.7198764266e-01 1.8595961642e-01
8.0821093210e-02 -1.9881245729e-01 9.7669931797e-01
1.4096209627e-01 1.5997247018e+00 6.8680130279e+00
5.3200000000e+02 0.0000000000e+00 0.0000000000e+00
9.7802088876e-01 -1.5835799939e-01 -1.3563880411e-01
1.7864700093e-01 9.7186968625e-01 1.5347495562e-01
1.0751925506e-01 -1.7433317806e-01 9.7879903597e-01
-7.1976536330e-02 1.4071660575e+00 6.9107462664e+00
5.3200000000e+02 0.0000000000e+00 0.0000000000e+00
9.7358389633e-01 -1.7156863500e-01 -1.5066054657e-01
2.0225939923e-01 9.5421208017e-01 2.2038702657e-01
1.0595061222e-01 -2.4503777167e-01 9.6370688398e-01
-1.8330292691e-01 1.8966839610e+00 6.7907988579e+00
5.3200000000e+02 0.0000000000e+00 0.0000000000e+00
9.6631908280e-01 -2.1546257490e-01 -1.4072423043e-01
2.4276761573e-01 9.4465247079e-01 2.2067078235e-01
8.5389197001e-02 -2.4740167390e-01 9.6514304473e-01
-1.2697660081e-01 1.9378640189e+00 6.7855501011e+00
0 0 0
0 0 0
0 0 0
0 0 0
0 0 0
0 0 0
0 0 0
0 0 0
0 0 0
0 0 0
0 0 0
0 0 0
0 0 0
0 0 0
0 0 0
0 0 0
0 0 0
0 0 0
0 0 0
0 0 0
0 0 0
0 0 0
0 0 0
0 0 0
0 0 0
0 0 0
0 0 0
0 0 0
0 0 0
0 0 0
0 0 0
0 0 0
0 0 0
0 0 0
0 0 0
0 0 0
0 0 0
0 0 0
0 0 0
0 0 0
0 0 0
0 0 0
0 0 0
0 0 0
0 0 0
0 0 0
0 0 0
0 0 0
0 0 0
0 0 0
0 0 0
0 0 0
0 0 0
0 0 0
0 0 0
0 0 0
0 0 0
0 0 0
0 0 0
0 0 0
0 0 0
0 0 0
0 0 0
0 0 0
0 0 0
0 0 0
0 0 0
0 0 0
0 0 0
0 0 0
0 0 0
0 0 0
0 0 0
0 0 0
0 0 0
0 0 0
0 0 0
0 0 0
0 0 0
0 0 0
0 0 0
0 0 0
0 0 0
0 0 0
0 0 0
0 0 0
0 0 0
0 0 0
0 0 0
0 0 0
0 0 0
0 0 0
0 0 0
0 0 0
0 0 0
0 0 0
0 0 0
0 0 0
0 0 0
0 0 0
0 0 0
0 0 0
0 0 0
0 0 0
0 0 0
0 0 0
0 0 0
0 0 0
0 0 0
0 0 0
0 0 0
0 0 0
0 0 0
0 0 0
0 0 0
0 0 0
0 0 0
0 0 0
0 0 0
0 0 0
0 0 0
0 0 0
0 0 0
0 0 0
0 0 0
0 0 0
0 0 0
0 0 0
0 0 0
0 0 0
0 0 0
0 0 0
0 0 0
0 0 0
0 0 0
0 0 0
0 0 0
0 0 0
0 0 0
0 0 0
0 0 0
0 0 0
0 0 0
0 0 0
0 0 0
0 0 0
0 0 0
0 0 0
0 0 0
0 0 0
0 0 0
0 0 0
0 0 0
0 0 0
0 0 0
0 0 0
0 0 0
0 0 0
0 0 0
0 0 0
0 0 0
0 0 0
0 0 0
0 0 0
0 0 0
0 0 0
0 0 0
0 0 0
0 0 0
0 0 0
0 0 0
0 0 0
0 0 0
0 0 0
0 0 0
0 0 0
0 0 0
0 0 0
0 0 0
0 0 0
0 0 0
0 0 0
0 0 0
0 0 0
0 0 0
0 0 0
0 0 0
0 0 0
0 0 0
0 0 0
0 0 0
0 0 0
0 0 0
0 0 0
0 0 0
0 0 0
0 0 0
0 0 0
0 0 0
0 0 0
5.3200000000e+02 0.0000000000e+00 0.0000000000e+00
9.5594586994e-01 2.9043085114e-01 4.2631144043e-02
-2.8297097317e-01 9.5037220020e-01 -1.2930626218e-01
-7.8069981944e-02 1.1154641097e-01 9.9068788027e-01
1.2355814678e+00 -1.0180573738e+00 6.8868257585e+00
5.3200000000e+02 0.0000000000e+00 0.0000000000e+00
9.3149605624e-01 3.4990344997e-01 -9.9411633691e-02
-3.4699924977e-01 7.7278558466e-01 -5.3140752798e-01
-1.0911744992e-01 5.2949977888e-01 8.4126295906e-01
2.2283211992e-01 -3.9311510306e+00 5.8653126779e+00
5.3200000000e+02 0.0000000000e+00 0.0000000000e+00
9.3738604882e-01 3.2455250870e-01 -1.2638458990e-01
-3.4489928273e-01 8.1445884094e-01 -4.6658469884e-01
-4.8496187928e-02 4.8095994170e-01 8.7540028229e-01
3.5878211538e-02 -3.4696884983e+00 6.1534928659e+00
5.3200000000e+02 0.0000000000e+00 0.0000000000e+00
9.7453765776e-01 2.1829587841e-01 -5.1217800420e-02
-2.2315744585e-01 9.2200857118e-01 -3.1638734020e-01
-2.1842801364e-02 3.1976101099e-01 9.4724642405e-01
5.8030044489e-01 -2.2810121499e+00 6.6560391255e+00
5.3200000000e+02 0.0000000000e+00 0.0000000000e+00
9.9542494178e-01 2.7686532279e-02 -9.1447477907e-02
-4.3200809565e-02 9.8409565823e-01 -1.7230619694e-01
8.5222504881e-02 1.7546849114e-01 9.8078944391e-01
2.8689391266e-01 -1.0908360793e+00 6.9693588899e+00
5.3200000000e+02 0.0000000000e+00 0.0000000000e+00
9.9682383184e-01 -4.5081672806e-02 -6.5649760490e-02
4.4999183552e-02 9.9898327866e-01 -2.7354057080e-03
6.5706329643e-02 -2.2746802291e-04 9.9783897824e-01
4.5744104659e-01 1.8916799337e-01 7.0438962502e+00
5.3200000000e+02 0.0000000000e+00 0.0000000000e+00
9.9071842149e-01 -1.2167863632e-01 -6.0591408524e-02
1.2782305363e-01 9.8559310282e-01 1.1075875871e-01
4.6241499611e-02 -1.1747572146e-01 9.9199857791e-01
4.7453851251e-01 1.0617845150e+00 6.9664904387e+00
5.3200000000e+02 0.0000000000e+00 0.0000000000e+00
9.7732960273e-01 -2.0676054282e-01 -4.5573298747e-02
2.1166886037e-01 9.5906443726e-01 1.8812681554e-01
4.8105276179e-03 -1.9350835410e-01 9.8108683393e-01
5.5250322585e-01 1.6803036114e+00 6.8406505911e+00
5.3200000000e+02 0.0000000000e+00 0.0000000000e+00
9.7050685459e-01 -2.3011154076e-01 -7.1868797104e-02
2.4105644285e-01 9.2985982609e-01 2.7794333087e-01
2.8699390650e-03 -2.8707034438e-01 9.5790520451e-01
3.5793761403e-01 2.3346403334e+00 6.6595974356e+00
0 0 0
0 0 0
0 0 0
0 0 0
0 0 0
0 0 0
0 0 0
0 0 0
0 0 0
0 0 0
5.3200000000e+02 0.0000000000e+00 0.0000000000e+00
9.7503431171e-01 -2.0438709280e-01 -8.6798659437e-02
2.1355152187e-01 9.7022590648e-01 1.1426914681e-01
6.0859169319e-02 -1.2995232473e-01 9.8965072364e-01
2.6179594432e-01 1.1648090672e+00 6.9625709269e+00
5.3200000000e+02 0.0000000000e+00 0.0000000000e+00
9.5911169619e-01 -2.6324292466e-01 -1.0396113146e-01
2.8265156613e-01 9.0981371909e-01 3.0388663793e-01
1.4589256319e-02 -3.2084600538e-01 9.4701900426e-01
1.1619117329e-01 2.5533102389e+00 6.5880237847e+00
0 0 0
0 0 0
0 0 0
0 0 0
0 0 0
0 0 0
0 0 0
0 0 0
0 0 0
0 0 0
0 0 0
0 0 0
0 0 0
0 0 0
0 0 0
0 0 0
0 0 0
0 0 0
0 0 0
0 0 0
0 0 0
0 0 0
0 0 0
0 0 0
0 0 0
0 0 0
0 0 0
0 0 0
0 0 0
0 0 0
-9.2887449541e-01 -1.5530166867e-01 -7.0437114460e+00
30 31 52
29 28 44 -50.2500 47.6900 32 66 -37.5100 21.3400 27 52 -5.0600 17.1200 29 50 -44.8700 130.7100 30 48 -36.7600 78.1300 31 43 -42.2100 39.6600 33 95 -12.1600 162.9000 34 74 -7.5800 96.4300 35 78 -4.5900 56.1100 36 63 -9.8100 8.4200 86 37 11.6900 81.1600 87 50 -1.0300 95.7000 23 46 31.0500 76.5900 24 42 25.0600 52.5000 25 48 37.1100 17.7100 26 43 32.6200 -20.7000 37 68 -4.3800 -21.3900 84 22 49.1500 97.0900 85 22 11.6000 98.0500 22 46 20.0800 40.8300 19 34 41.1100 6.4800 20 37 50.9800 -3.3500 21 48 24.6000 1.8900 38 81 -21.9700 19.5100 39 76 -16.1200 52.5100 88 69 -12.1600 79.0500 93 77 -21.2400 92.6500 82 12 26.1900 80.4600 83 15 33.6600 142.3100
-9.2802306330e-01 -1.5740271781e-01 -7.0419265650e+00
23 21 21
30 28 42 -43.8300 30.2500 32 65 -28.7500 6.7600 27 68 -1.1100 -2.5900 29 64 -38.8200 109.7500 30 47 -29.7200 59.4300 33 94 -3.3400 146.9800 34 73 1.3300 82.0900 35 77 4.2200 42.4500 36 62 -1.0200 -5.0800 86 50 20.5400 59.1600 87 49 10.7000 78.4900 23 76 29.1600 51.6300 24 53 23.7700 27.5800 25 83 35.9300 -5.7800 26 74 31.0400 -44.3500 37 67 4.2300 -34.8300 84 43 47.6100 67.7000 85 29 15.1300 72.9300 22 58 16.1100 15.6500 19 49 33.7300 -19.8300 20 73 43.2300 -29.2000 21 61 19.8500 -24.3200 38 69 -11.6200 7.4700 39 75 -5.5400 41.9000 88 67 2.4500 64.3200 93 63 -5.0900 79.8600 40 81 -0.0100 33.0800 89 70 -20.6000 68.1300 82 19 23.8200 44.6000 83 28 31.0100 111.0500
-9.2438483405e-01 -1.5742899737e-01 -7.0450111859e+00
26 27 30
22 28 41 -8.7000 28.4000 32 64 5.9800 5.7300 27 67 31.9000 -4.1300 29 63 -1.8300 106.7500 30 46 5.9300 57.1300 33 93 32.0900 143.9300 34 72 35.4000 79.3300 35 76 37.7900 39.9200 36 61 32.3400 -7.4900 86 49 60.3800 54.7700 23 75 63.0400 48.3300 24 76 57.7400 24.4600 25 82 68.7900 -9.5300 26 73 64.3900 -48.3500 37 66 37.4200 -37.0500 84 42 86.2100 56.9400 85 41 52.3600 64.1500 22 80 49.6800 13.5700 19 67 68.1400 -19.2900 20 74 77.2900 -27.4700 21 85 53.8500 -23.4700 82 27 65.4100 44.8600
-9.2528663156e-01 -1.6134979783e-01 -7.0394488466e+00
93 90 102
25 28 73 -20.6300 -7.4800 32 74 -2.0100 -25.3300 27 110 18.6500 -44.1900 29 114 -15.2600 65.6700 30 75 -5.6600 19.6400 31 55 -11.0200 -14.7600 33 110 22.9500 112.5100 34 88 27.4400 50.5600 35 90 30.2300 12.1700 36 73 25.1200 -35.4200 86 69 49.9300 10.3800 87 62 44.2400 38.6600 23 120 40.4600 1.2000 24 116 35.5900 -22.4600 25 131 47.1400 -55.1700 26 126 42.6000 -94.8500 37 80 30.3100 -65.1000 84 69 60.4100 2.8000 85 50 34.9500 17.1100 22 123 23.0100 -32.9400 21 162 26.1400 -72.3100 38 79 16.9600 -19.5700 39 73 23.2400 17.7700 88 66 39.3000 30.7000 93 62 34.9500 50.5900
-9.2388855871e-01 -1.6141193733e-01 -7.0409057547e+00
95 93 105
15 28 94 -6.5300 -7.3700 32 97 12.3600 -25.0900 27 140 31.7800 -43.5400 29 146 -0.7200 65.9800 30 96 8.6900 19.7300 31 79 3.2900 -14.8600 86 89 66.0400 10.2500 23 163 53.5600 1.7800 24 152 48.9100 -21.9900 25 173 60.2100 -55.0600 26 154 55.9100 -94.7800 84 84 75.9200 1.6100 85 106 50.0600 15.8100 22 157 36.0000 -32.4000 21 164 39.2300 -70.8100
-9.3664294711e-01 -1.5137459234e-01 -7.0459730165e+00
64 64 74
10 28 47 -112.6100 81.2400 32 49 -98.6800 44.8800 27 69 -64.6400 56.9400 30 36 -99.8200 113.0100 31 30 -103.0000 70.9600 86 40 -62.6900 124.7500 23 62 -28.7600 138.8800 25 62 -18.6300 74.9700 26 56 -23.0400 36.8800 85 23 -56.5900 159.3800
-9.2382134329e-01 -1.6137879209e-01 -7.0406789189e+00
95 93 105
23 28 95 -6.5300 -7.3700 32 98 12.3600 -25.0900 27 141 31.7800 -43.5400 29 147 -0.7200 65.9800 30 97 8.6900 19.7300 31 80 3.2900 -14.8600 33 136 37.4100 112.0400 34 104 41.5000 50.0400 35 107 44.1800 11.5300 36 87 39.0100 -35.9300 86 90 66.0400 10.2500 87 77 60.8800 37.1200 23 164 53.5600 1.7800 24 153 48.9100 -21.9900 25 174 60.2100 -55.0600 26 155 55.9100 -94.7800 37 88 44.2300 -65.3600 84 85 75.9200 1.6100 38 95 31.4300 -20.2100 39 84 37.6500 17.3900 88 81 56.2800 29.4600 93 74 52.6300 50.4900 40 99 42.8700 11.2200
-9.2862439140e-01 -1.6107220911e-01 -7.0369772764e+00
96 92 107
23 28 96 -55.4200 -6.0800 32 99 -36.9200 -24.6100 27 142 -13.6200 -43.4900 29 148 -51.6100 67.4800 30 98 -41.0800 21.1600 31 81 -45.6800 -12.8200 33 137 -12.2000 115.1300 34 105 -6.7800 53.0000 35 108 -3.6700 14.5700 36 88 -8.7600 -33.1900 86 91 9.5200 13.3700 87 78 2.9400 44.1300 23 165 8.1100 2.3800 24 154 3.0000 -20.8300 25 175 15.2100 -52.9500 26 157 10.1800 -92.2400 37 89 -3.3100 -62.8700 84 88 21.6800 9.8700 38 96 -18.6000 -17.0100 39 85 -11.8300 19.7100 88 82 -2.9600 35.3500 93 75 -9.0300 52.6000 89 76 -24.7200 44.1900
-9.2955609179e-01 -1.6090949924e-01 -7.0362350929e+00
97 94 113
14 28 98 -65.8000 -5.1700 32 101 -47.3500 -23.9900 27 145 -23.3200 -42.7700 29 150 -62.4900 68.5800 30 100 -51.6900 22.1700 31 84 -56.0100 -11.8400 33 140 -22.6500 116.2900 86 93 -2.7100 14.8400 23 167 -1.6400 3.3800 24 155 -6.8000 -19.7100 25 177 5.6600 -51.5600 26 159 0.5000 -90.7400 84 90 9.8900 12.9000 85 81 -14.2000 26.4500
-9.1968332961e-01 -1.6186501124e-01 -7.0447673992e+00
90 89 105
11 28 117 30.9800 -8.9100 32 116 50.1000 -26.0100 27 176 66.9900 -44.1200 29 191 37.9200 64.0100 30 127 46.7300 17.9300 31 100 40.5400 -16.8700 33 165 75.8400 109.1400 86 123 108.6500 7.4200 24 212 83.8500 -23.4800 25 243 94.9000 -57.4700 26 219 91.2200 -97.5400
-9.3698006595e-01 -1.5401373199e-01 -7.0443520758e+00
55 58 65
12 28 5 -114.8600 60.5900 32 7 -100.8700 23.2700 27 5 -71.4700 32.7800 29 6 -119.2100 151.2300 30 6 -106.4900 91.9500 31 6 -109.9500 49.0200 33 6 -79.4800 169.1200 34 7 -72.8400 100.4600 35 9 -68.1300 57.5600 86 2 -72.3800 94.5900 87 6 -84.1400 103.6300 37 9 -67.4500 -18.4300
-9.3712413473e-01 -1.6532838643e-01 -7.0397160508e+00
50 56 63
23 28 8 -129.3500 -46.3300 32 9 -107.3900 -73.1900 27 13 -86.0600 -69.9300 29 9 -128.2700 32.5000 30 8 -116.4600 -16.4400 31 8 -120.9800 -52.7700 33 8 -82.7600 68.5000 34 10 -76.2600 6.8900 35 10 -72.0900 -32.4500 36 8 -77.9700 -81.0800 86 3 -84.4200 -27.6900 87 9 -89.7900 -13.6600 37 7 -72.6900 -111.4100 85 4 -101.6100 6.4600 38 12 -92.4000 -80.2300 39 14 -80.4000 -44.3900 88 14 -97.2500 -41.7100 93 13 -98.3800 -34.7500 40 13 -71.4100 -49.4700 89 12 -116.6000 -43.4200 41 13 -70.6500 -19.4600 90 10 -100.9900 -47.7000 94 9 -95.2600 -40.3500
-9.1520091010e-01 -1.6881641203e-01 -7.0503402680e+00
103 105 104
12 28 28 64.0300 -60.0400 32 34 89.5400 -82.3200 27 46 94.3900 -85.6700 29 41 67.3300 14.1300 30 34 78.4100 -33.7400 31 27 73.3400 -70.1700 33 42 110.1400 49.7300 34 37 114.6500 -10.7200 35 43 118.3200 -49.8500 36 36 114.8800 -97.6600 86 11 138.8500 -51.6900 37 38 121.1600 -128.1000
-9.3480714265e-01 -1.6061851930e-01 -7.0349827140e+00
39 48 51
20 28 39 -121.7300 -3.2600 32 46 -103.0100 -24.7100 27 66 -74.2300 -40.6600 29 46 -121.4700 72.1200 30 44 -108.6000 24.3100 31 41 -112.1200 -9.8400 33 46 -78.6900 118.2600 34 53 -71.0000 55.2100 35 56 -66.8900 16.4600 36 46 -72.1000 -31.3400 86 35 -69.6700 18.6600 87 38 -78.0200 50.3400 37 47 -66.1500 -61.1700 85 28 -77.9200 36.8900 38 42 -84.7300 -18.4000 39 37 -76.5900 16.5700 88 38 -85.3600 35.6400 93 34 -93.5600 46.2900 40 35 -69.2100 11.1900 89 37 -110.2500 40.7900
-9.3529688599e-01 -1.6737446521e-01 -7.0388069529e+00
76 83 93
22 28 89 -112.8000 -65.2000 32 92 -90.9000 -94.3200 27 136 -70.8200 -88.1800 29 108 -112.9500 12.5000 30 71 -100.3500 -37.4300 31 75 -104.9700 -74.3800 34 84 -61.1500 -13.9800 35 104 -57.3900 -52.9700 36 83 -63.1900 -101.5800 86 62 -66.6300 -54.6500 87 71 -71.7300 -39.1600 37 76 -57.9600 -131.8100 85 71 -87.9800 -24.2700 38 77 -72.9700 -92.9500 39 69 -62.0800 -56.8100 88 77 -73.5700 -57.5200 93 58 -72.2700 -48.9700 40 75 -54.4800 -62.6100 89 61 -91.0500 -60.1600 41 69 -53.3000 -34.3800 90 58 -79.9100 -66.3700 94 47 -74.1100 -59.1200
-9.2964821170e-01 -1.6086835859e-01 -7.0368212398e+00
97 94 113
20 28 97 -65.8000 -5.1700 32 100 -47.3500 -23.9900 27 144 -23.3200 -42.7700 29 149 -62.4900 68.5800 30 99 -51.6900 22.1700 31 83 -56.0100 -11.8400 33 139 -22.6500 116.2900 34 106 -17.0400 53.9600 35 109 -13.6600 15.5800 36 89 -18.8000 -32.3200 86 92 -2.7100 14.8400 87 79 -9.5300 46.1700 37 90 -13.2800 -61.8500 84 89 9.8900 12.9000 85 80 -14.2000 26.4500 38 105 -29.0900 -15.8700 39 97 -22.2400 20.6500 88 92 -15.6400 37.1300 93 84 -22.2600 53.4600 89 87 -37.9800 45.5300
-9.1964470466e-01 -1.6181317819e-01 -7.0437315065e+00
90 89 105
8 28 116 30.9800 -8.9100 32 115 50.1000 -26.0100 27 175 66.9900 -44.1200 29 190 37.9200 64.0100 30 126 46.7300 17.9300 31 99 40.5400 -16.8700 33 164 75.8400 109.1400 86 122 108.6500 7.4200
-9.3887405943e-01 -1.5247136816e-01 -7.0425136276e+00
66 68 73
14 28 18 -138.2000 74.4100 32 29 -124.6700 38.5900 29 14 -141.4900 167.0800 30 21 -128.0100 106.1600 31 13 -130.3600 62.9700 33 23 -103.2500 184.6500 34 20 -94.5900 114.7100 35 24 -89.6100 72.5500 36 24 -93.9200 24.0500 87 14 -109.4700 124.1400 38 27 -108.9600 32.9300 39 28 -101.6600 62.5200 88 30 -120.3900 98.4600 40 37 -94.0600 50.6100
-9.3197007350e-01 -1.6287939638e-01 -7.0351900733e+00
86 97 119
19 28 37 -91.3600 -26.9000 32 44 -71.2600 -46.2600 31 39 -81.5900 -33.6400 33 61 -46.7900 94.6600 34 51 -40.6600 33.2700 35 54 -36.9100 -4.8800 36 45 -42.0900 -52.8100 86 33 -33.8600 -11.4400 87 36 -39.8500 21.3200 37 46 -36.5300 -82.6200 38 53 -52.8900 -36.6800 39 51 -44.8300 0.0500 88 48 -44.9300 11.7600 93 33 -50.5200 25.8400 40 50 -38.0900 -4.5400 89 36 -66.9900 19.1400 41 41 -37.1000 31.4000 90 30 -57.5900 15.2000 94 25 -56.2800 23.1200
-9.2687263530e-01 -1.5239383391e-01 -7.0506956786e+00
76 73 87
6 28 45 -25.9100 69.6300 32 48 -15.0000 37.6000 33 64 10.8500 179.1000 35 79 16.3500 69.4900 36 64 11.1000 22.1200 86 51 36.6100 107.2700
-1.0636628706e+00 -4.6845926361e-02 -7.3213817142e+00
118 116 117
15 28 49 -186.4500 193.1100 32 103 -180.0400 92.1400 31 66 -190.1200 170.4400 34 89 -158.0600 157.6300 35 91 -151.4500 108.0800 36 74 -154.3400 60.7100 37 92 -148.2900 31.1500 38 82 -168.5800 26.8400 39 74 -159.4700 37.5700 88 94 -196.1300 72.2500 93 83 -195.1100 52.4400 89 74 -216.1100 18.6400 41 88 -165.5000 -1.9200 90 88 -205.1600 -30.5900 94 90 -193.1900 -52.6900
-9.1839251190e-01 -1.6864658360e-01 -7.0497739743e+00
88 94 100
19 28 69 39.4800 -59.1700 32 43 64.9500 -82.8800 29 109 42.0100 15.9500 30 72 53.7200 -32.3400 31 53 48.4000 -69.2400 33 91 85.0800 49.3100 34 66 89.8100 -11.3900 35 69 93.4100 -50.6000 36 56 89.8100 -98.2900 86 81 107.5900 -51.3000 87 58 109.3700 -42.1800 37 61 95.7700 -128.9900 38 61 86.9000 -89.5400 39 57 95.1800 -51.4200 88 61 112.9300 -55.5400 93 60 119.4500 -34.2900 40 61 101.9100 -59.5600 89 53 104.6700 -50.5000 90 48 114.9600 -60.0700
-9.3353104988e-01 -1.6749100212e-01 -7.0394156402e+00
70 76 97
10 28 90 -95.4000 -64.5300 32 71 -73.0000 -92.6900 30 91 -82.4100 -37.5800 33 107 -50.0200 47.5100 34 83 -44.2700 -13.4200 35 86 -40.6100 -52.4100 87 59 -49.5900 -39.2700 37 75 -40.5400 -131.3200 88 53 -50.9000 -56.6300 93 48 -49.3400 -46.6100
-9.3611241619e-01 -1.6416303340e-01 -7.0347702624e+00
88 93 97
11 28 92 -133.1400 -39.9200 32 96 -112.6000 -64.1000 30 94 -120.4700 -13.0700 31 78 -124.4400 -47.3500 33 134 -87.8900 78.4500 34 102 -80.9900 17.2800 35 105 -76.9900 -21.0500 36 85 -82.5700 -69.5800 86 87 -87.2800 -26.0800 87 74 -93.7800 2.2600 37 86 -76.9200 -99.4300
-9.3326512519e-01 -1.7289636443e-01 -7.0338030328e+00
176 176 176
4 28 0 -104.8200 -131.8900 29 0 -104.7100 -53.8200 24 1 -76.9100 -112.3600 25 1 -59.8200 -158.3600
-9.1524234761e-01 -1.7336016293e-01 -7.0494910840e+00
171 173 170
4 28 4 64.4200 -94.4600 30 5 75.4900 -67.2800 31 3 78.8000 -110.8900 85 2 87.5300 -84.8000
-9.2232041647e-01 -1.5336138519e-01 -7.0559866281e+00
66 65 81
8 28 15 10.0400 59.1000 27 20 52.6300 34.7400 29 13 18.4900 145.8400 30 19 24.0300 90.2100 31 16 16.3500 49.9500 86 8 76.0900 93.2500 85 11 73.3300 110.0700 83 6 101.6400 169.5500
-1.0637586335e+00 -4.7117931452e-02 -7.3345739101e+00
124 122 123
6 28 19 -179.3700 185.9600 31 18 -182.6500 163.0900 34 21 -150.5800 151.2700 35 25 -144.0600 101.7700 36 25 -147.2000 54.6700 87 22 -178.5000 135.6600
-9.3626094844e-01 -1.6790584388e-01 -7.0382355746e+00
177 179 178
18 28 33 -121.9600 -70.6700 29 57 -121.7600 5.4900 30 30 -109.3800 -44.5700 34 46 -70.8300 -19.0600 36 43 -72.3300 -106.8800 86 27 -77.9800 -62.3300 87 34 -83.4200 -45.1900 37 36 -67.8200 -138.1600 85 25 -100.2200 -30.5000 38 49 -83.1300 -98.6600 39 46 -72.2000 -62.7900 88 46 -86.3200 -64.6400 93 43 -84.3400 -56.8800 40 44 -64.6300 -68.6900 89 31 -104.0800 -68.9200 41 36 -64.6300 -42.1700 90 24 -93.3200 -75.9600 94 21 -88.1800 -69.2800
-9.2603763904e-01 -1.6787087223e-01 -7.0442436000e+00
75 86 108
2 28 34 -23.0400 -60.9000 27 106 11.3000 -85.1000
-9.3685851202e-01 -1.6683674101e-01 -7.0380881189e+00
46 53 59
7 28 35 -128.7300 -60.6100 27 59 -86.0200 -85.0200 29 59 -128.5900 15.9700 30 40 -116.3200 -33.7800 31 28 -121.6900 -69.3100 86 29 -85.1000 -49.9000 85 37 -107.8400 -17.7900
-9.3646701602e-01 -1.6074595487e-01 -7.0360014363e+00
151 160 163
5 28 38 -133.9900 -4.4400 29 62 -135.1800 74.0600 30 43 -121.5600 23.8300 31 42 -124.9400 -11.7500 86 34 -86.0900 18.5400
-9.2844089652e-01 -1.5233356385e-01 -7.0492007640e+00
78 76 90
3 28 46 -39.4800 71.4100 33 65 -3.3700 181.1700 86 39 21.4200 109.2700
-9.2598274636e-01 -1.6798900103e-01 -7.0446336803e+00
73 84 106
10 28 56 -22.9400 -61.5800 29 58 -21.5100 15.0800 30 60 -9.6900 -34.4000 31 52 -13.9600 -71.3600 33 57 22.1100 49.4900 34 49 27.6700 -11.9000 35 52 30.6000 -50.2800 86 46 37.6500 -52.1400 38 52 22.0000 -89.7300 93 49 45.3600 -39.3800
-9.2051050492e-01 -1.6843604484e-01 -7.0482585033e+00
77 85 107
17 28 57 24.2500 -60.2900 32 33 46.6600 -84.1000 27 83 55.6400 -83.6700 29 86 26.4800 15.7500 30 41 37.4700 -32.8500 31 36 32.3800 -69.8700 33 43 67.7600 49.5100 34 48 73.8000 -12.2200 35 44 76.0300 -50.3800 36 37 72.2900 -98.3900 86 28 90.1700 -51.0100 87 29 90.3500 -40.6000 37 39 77.9500 -128.6300 38 50 69.9100 -90.1700 39 47 78.7000 -52.2500 88 35 93.7500 -54.2800 93 30 99.6500 -34.2700
-9.3671918945e-01 -1.5130091061e-01 -7.0448945631e+00
65 65 75
4 28 60 -113.6100 82.0800 27 96 -65.9200 57.9900 29 65 -114.4400 175.0300 31 56 -107.0700 74.0800
-1.0707209150e+00 -3.9589197804e-02 -7.3292924431e+00
10 12 13
7 28 63 -192.6900 198.8200 31 58 -195.3900 176.7900 34 75 -163.7700 163.2800 35 80 -157.0800 113.1700 36 65 -159.5000 66.0800 87 65 -191.4900 147.5900 37 69 -153.5500 36.2500
-9.3678076183e-01 -1.6565703288e-01 -7.0362635256e+00
90 96 102
4 28 70 -134.0300 -52.7100 30 73 -121.7900 -26.0600 31 65 -125.4400 -60.2900 86 84 -90.7200 -40.9100
-9.2289500574e-01 -1.6031114356e-01 -7.0430943340e+00
32 30 38
12 28 75 2.6400 3.9000 27 146 41.4500 -30.9900 29 151 9.5800 78.6700 30 101 18.2300 31.6000 31 85 12.2900 -3.8400 86 94 75.9900 23.9900 23 168 66.3600 15.8900 24 157 61.5800 -8.0100 25 180 72.4700 -41.7100 26 161 68.3400 -81.0800 84 91 90.1400 16.9000 22 227 50.2800 -18.7100
-9.2849338424e-01 -1.5828156909e-01 -7.0407606998e+00
83 82 104
5 28 99 -49.2100 21.6700 29 155 -44.6500 99.3300 30 102 -35.1000 50.3900 31 86 -40.3400 14.3100 86 95 14.6000 48.4600
-9.3758232936e-01 -1.5767565815e-01 -7.0372745920e+00
99 104 108
5 28 100 -141.0700 26.8600 29 157 -143.1100 107.4700 30 103 -129.4900 56.1200 86 96 -96.0200 58.8500 85 86 -99.9500 87.8900
-9.4027874017e-01 -1.5358721894e-01 -7.0413597412e+00
86 90 93
4 28 102 -153.3200 63.9000 29 159 -158.5600 154.6800 30 104 -143.5200 96.5000 31 87 -146.2800 55.9100
-9.3553517621e-01 -1.6336236934e-01 -7.0348904835e+00
95 102 106
4 28 112 -126.9600 -31.5700 30 120 -114.4300 -4.9000 31 96 -117.7600 -38.2600 86 118 -79.8200 -16.5500
-9.3511973986e-01 -1.6320370128e-01 -7.0335915876e+00
95 102 106
3 28 113 -126.9600 -31.5700 30 121 -114.4300 -4.9000 31 97 -117.7600 -38.2600
-9.3450787626e-01 -1.6173710760e-01 -7.0340570911e+00
80 89 92
3 28 114 -120.1000 -15.6500 30 124 -106.8800 11.3500 31 98 -110.6700 -22.3300
-9.2579686481e-01 -1.5829493237e-01 -7.0426023995e+00
65 63 66
16 28 118 -23.0800 21.8200 27 148 18.0700 -11.9700 29 154 -16.9600 99.3200 30 128 -8.5400 50.4700 31 101 -14.2900 14.1200 86 124 45.0600 47.5800 23 124 47.0300 38.9200 24 167 41.8600 15.1900 25 188 53.4500 -18.5300 26 168 48.8300 -57.2700 84 96 68.4000 48.9900 85 108 36.6400 57.4900 22 171 32.8900 3.4500 19 151 49.6800 -30.8700 20 163 59.2000 -39.1900 21 170 36.7300 -35.3300
-9.2648066401e-01 -1.5824520020e-01 -7.0420130720e+00
64 62 63
13 28 119 -30.1500 22.6100 27 185 11.6500 -11.3200 29 192 -24.2400 100.2300 86 125 37.3200 48.6200 23 172 40.9200 39.6600 24 168 35.6600 15.9600 25 189 47.2700 -17.6400 26 169 42.6100 -56.3300 84 97 61.5400 50.9400 22 174 26.6700 4.1900 19 152 43.5400 -30.6100 20 164 52.8100 -39.1100 21 171 30.5800 -35.1000
-9.2531298661e-01 -1.5742056497e-01 -7.0440179578e+00
65 65 67
17 28 120 -17.7800 29.0600 27 189 23.7100 -3.5300 29 194 -11.0600 107.6900 30 129 -2.9000 57.9700 86 139 50.4700 56.3800 23 177 54.7300 49.1900 24 172 49.2700 25.2400 25 193 60.6400 -8.9200 26 174 56.1300 -47.6300 84 99 76.7900 60.1500 85 112 43.1500 66.8000 22 175 41.3400 13.5100 19 153 59.6000 -20.3300 20 168 68.8600 -28.7000 21 172 45.4200 -24.5200 82 53 55.6700 41.0100 83 62 60.8800 102.2300
-9.2532160000e-01 -1.5738738881e-01 -7.0439315834e+00
65 65 67
15 28 121 -17.7800 29.0600 27 190 23.7100 -3.5300 29 195 -11.0600 107.6900 23 178 54.7300 49.1900 24 173 49.2700 25.2400 25 194 60.6400 -8.9200 26 175 56.1300 -47.6300 84 100 76.7900 60.1500 85 113 43.1500 66.8000 22 176 41.3400 13.5100 19 154 59.6000 -20.3300 20 169 68.8600 -28.7000 21 173 45.4200 -24.5200 82 54 55.6700 41.0100 83 63 60.8800 102.2300
-9.2713895953e-01 -1.5739564783e-01 -7.0427940773e+00
66 64 65
16 28 122 -35.1900 30.6600 27 191 7.1400 -2.3600 29 158 -29.4800 109.6800 30 130 -20.9100 59.7400 31 102 -26.5000 22.9200 33 166 5.3500 147.2500 86 126 30.4300 59.1000 23 179 37.8800 50.8200 24 176 32.4900 27.0800 25 195 44.3000 -6.8200 26 176 39.5500 -45.3800 84 101 57.6500 65.3100 85 116 24.6600 71.4600 22 177 24.6400 15.0900 82 40 35.1300 43.0500 83 64 41.5700 107.0800
-9.2821329529e-01 -1.5647627522e-01 -7.0429130933e+00
63 65 69
14 28 123 -44.3900 38.5000 27 198 -1.3100 6.4400 29 200 -39.3900 119.3400 30 133 -30.5100 68.2000 31 105 -36.0700 30.8500 86 127 19.0500 69.4400 23 190 30.9600 62.3300 24 187 25.4600 38.5200 25 206 37.4200 4.4100 26 186 32.7500 -34.0600 84 107 49.7200 80.4300 22 188 18.9000 26.6500 19 161 37.6900 -8.4100 21 184 22.7700 -13.0600
-9.2754438055e-01 -1.5647162782e-01 -7.0434130737e+00
68 71 74
18 28 149 -38.1000 38.3800 27 196 4.7300 6.4400 29 198 -32.4900 118.9800 30 131 -24.0500 67.9400 31 103 -29.8000 30.6000 86 140 26.3900 68.8900 23 186 37.3000 61.9700 24 185 31.7700 38.0400 25 203 43.7400 3.8300 26 184 38.8900 -34.6400 84 105 56.9200 78.8300 85 117 22.2700 82.8200 22 186 25.0900 26.1200 19 159 44.2700 -8.6100 20 176 53.7400 -17.9200 21 182 29.2100 -12.9800 82 43 33.7900 59.4200 83 67 41.0800 122.0400
-9.2754089942e-01 -1.5647268599e-01 -7.0434166779e+00
68 71 74
17 28 150 -38.1000 38.3800 27 197 4.7300 6.4400 29 199 -32.4900 118.9800 30 132 -24.0500 67.9400 31 104 -29.8000 30.6000 23 187 37.3000 61.9700 24 186 31.7700 38.0400 25 204 43.7400 3.8300 26 185 38.8900 -34.6400 84 106 56.9200 78.8300 85 118 22.2700 82.8200 22 187 25.0900 26.1200 19 160 44.2700 -8.6100 20 177 53.7400 -17.9200 21 183 29.2100 -12.9800 82 44 33.7900 59.4200 83 68 41.0800 122.0400
-9.3390252354e-01 -1.4230603748e-01 -7.0479883764e+00
183 183 183
8 32 2 -83.5700 114.9600 35 3 -51.7700 145.9100 36 2 -54.4800 98.1600 37 2 -48.1000 66.5600 38 0 -60.5200 101.8500 39 5 -57.9800 128.5500 40 3 -51.2600 111.8600 90 2 -88.2300 142.1600
-9.1301833075e-01 -1.7415750889e-01 -7.0497775284e+00
179 179 178
13 32 4 108.7300 -124.4300 34 4 133.4200 -50.8600 35 5 141.4000 -92.4200 87 2 165.1000 -94.6900 38 1 141.5200 -131.1300 39 3 153.8400 -92.4600 88 3 172.0900 -103.9800 93 3 188.5900 -79.1200 40 4 161.7700 -94.9900 89 2 174.4800 -95.0000 41 5 178.8700 -62.6800 90 3 186.9400 -101.5400 94 2 193.8200 -91.9700
-9.4657103857e-01 -1.5192325605e-01 -7.0520816003e+00
121 123 122
6 32 12 -154.5200 21.2800 33 10 -135.5400 164.8200 34 11 -127.9000 96.3800 35 11 -123.6700 55.3000 36 9 -127.9000 9.1100 37 8 -121.6700 -22.3100
-9.3499434115e-01 -1.5270779661e-01 -7.0434829065e+00
64 61 80
8 32 19 -89.7600 38.2800 31 12 -94.2500 62.4400 33 16 -65.9800 183.3100 34 19 -59.7300 114.8000 35 19 -54.3100 73.5800 36 16 -59.4800 25.3000 87 21 -67.7600 121.7700 37 21 -54.5100 -5.0100
-9.3542723972e-01 -1.6232681279e-01 -7.0337580973e+00
47 54 60
6 32 45 -110.5900 -43.7000 33 62 -85.8400 99.1300 34 67 -78.6300 37.0800 35 71 -74.6700 -1.5600 87 46 -89.5700 28.4200 37 62 -73.9100 -78.9100
-9.3619336706e-01 -1.6096190139e-01 -7.0350911254e+00
148 156 159
5 32 62 -115.3600 -30.6100 33 92 -91.1600 112.0900 34 69 -83.5700 49.1900 36 58 -84.6400 -37.7300 37 64 -78.6700 -67.4500
-9.3543400208e-01 -1.6537026647e-01 -7.0325512146e+00
112 120 125
4 32 94 -111.1000 -76.4200 33 132 -86.3600 66.4300 34 123 -79.6200 5.7900 35 121 -75.6900 -32.1800
-9.3582571656e-01 -1.6532975273e-01 -7.0338879013e+00
112 120 125
7 32 95 -111.1000 -76.4200 33 133 -86.3600 66.4300 34 124 -79.6200 5.7900 35 122 -75.6900 -32.1800 36 84 -81.4100 -80.9700 87 73 -93.4300 -12.6600 37 85 -75.9100 -111.0000
-9.3447064578e-01 -1.6177972500e-01 -7.0338644768e+00
91 100 103
7 32 114 -101.1700 -36.7600 33 163 -76.6900 105.6600 34 127 -69.4200 43.6400 35 125 -65.3300 5.3200 36 101 -70.6300 -42.8100 87 93 -76.6000 36.0800 37 102 -64.9200 -72.5900
-1.0606231105e+00 -1.7700757179e-01 -7.3107029114e+00
166 168 164
12 32 129 -166.9300 -96.1200 31 125 -185.6200 -26.1500 35 137 -140.9500 -75.0800 36 128 -148.4800 -122.7400 86 219 -168.8300 32.7000 87 116 -178.8900 -48.7900 38 131 -159.8300 -159.5700 39 107 -141.8900 -144.4200 40 145 -135.9800 -179.7400 89 104 -193.8200 -173.2700 41 130 -140.2800 -187.0700 90 128 -183.0400 -224.6600
-1.0798102404e+00 -2.2872887958e-02 -7.3568270277e+00
49 50 50
4 32 130 -182.5600 105.5600 31 108 -192.5500 185.8600 34 151 -161.2900 172.4600 87 106 -188.0300 156.8900
-1.0622807856e+00 -2.8379447319e-02 -7.3209866379e+00
95 94 90
7 32 151 -180.9500 117.2700 31 150 -190.0900 197.7400 34 152 -158.9400 184.7000 35 162 -151.9300 133.6100 36 135 -154.1800 85.4200 87 140 -185.4500 170.2300 37 139 -147.2200 55.5100
-1.0622807856e+00 -2.8379447319e-02 -7.3209866379e+00
95 94 90
7 32 152 -180.9500 117.2700 31 151 -190.0900 197.7400 34 153 -158.9400 184.7000 35 163 -151.9300 133.6100 36 136 -154.1800 85.4200 87 141 -185.4500 170.2300 37 140 -147.2200 55.5100
-9.2588483807e-01 -1.5529113935e-01 -7.0462033261e+00
33 35 51
11 27 51 20.7400 15.4300 29 49 -14.9600 127.3400 23 45 56.8000 74.0100 24 41 50.5500 49.4200 25 47 62.2500 14.4900 26 42 57.6800 -24.1000 84 29 78.2900 88.9200 22 45 45.7500 38.0000 19 33 67.8300 5.5400 20 36 77.5000 -3.2100 21 47 50.7200 1.1300
-9.3557148396e-01 -1.6476367158e-01 -7.0367679236e+00
48 54 60
4 27 62 -77.4100 -72.5100 29 61 -121.3300 32.5800 86 32 -74.8200 -29.4500 85 26 -91.2800 -2.6200
-9.3627141685e-01 -1.6052941966e-01 -7.0352441251e+00
152 160 163
3 27 86 -86.2300 -37.0500 29 91 -135.3200 74.2500 85 39 -94.9500 44.3800
-9.2919857680e-01 -1.5409306240e-01 -7.0453911399e+00
92 88 105
10 27 92 -5.1600 28.2300 29 98 -43.5900 141.8800 23 82 30.4100 91.9300 24 82 24.7600 67.2900 25 86 36.8600 32.0000 26 77 32.3900 -6.2800 22 82 20.8500 55.9800 19 52 42.4300 22.7300 20 56 52.0400 12.5500 21 63 24.9900 17.7900
-9.2528645307e-01 -1.6132178337e-01 -7.0394388872e+00
98 91 109
15 27 109 18.6500 -44.1900 29 113 -15.2600 65.6700 86 68 49.9300 10.3800 87 61 44.2400 38.6600 23 119 40.4600 1.2000 24 115 35.5900 -22.4600 25 130 47.1400 -55.1700 26 125 42.6000 -94.8500 84 68 60.4100 2.8000 85 49 34.9500 17.1100 22 122 23.0100 -32.9400 38 78 16.9600 -19.5700 39 72 23.2400 17.7700 88 65 39.3000 30.7000 93 61 34.9500 50.5900
-9.2930450053e-01 -1.5664382961e-01 -7.0414995835e+00
80 82 108
12 27 113 -12.2000 5.5300 29 117 -51.3100 118.8200 30 76 -41.9900 67.8200 86 97 5.7300 69.4600 23 130 19.3200 60.7600 24 95 13.5300 37.3600 25 106 25.8600 3.6100 26 132 21.2700 -35.0400 22 103 6.7200 25.3200 19 84 25.1900 -10.7000 20 95 35.0400 -20.5300 21 105 10.5100 -15.2600
-9.2852643588e-01 -1.6105918443e-01 -7.0365660197e+00
98 94 111
6 27 143 -13.6200 -43.4900 31 82 -45.6800 -12.8200 33 138 -12.2000 115.1300 23 166 8.1100 2.3800 25 176 15.2100 -52.9500 26 158 10.1800 -92.2400
-9.3542586321e-01 -1.6287363227e-01 -7.0356681293e+00
154 159 163
3 27 174 -79.9800 -59.4100 29 145 -122.1900 50.5400 85 79 -88.9600 15.0300
-9.2503652005e-01 -1.5650193091e-01 -7.0452376252e+00
62 66 69
11 27 195 27.8800 4.0500 29 196 -6.3800 115.1900 23 184 60.3200 59.1200 24 230 55.1100 34.7300 25 198 66.0700 0.2700 26 236 61.8500 -38.4100 84 146 83.2100 70.5400 22 183 47.7200 23.4100 19 112 66.3100 -9.3600 20 173 76.1800 -17.8000 21 179 51.5300 -13.6300
-9.3938183628e-01 -1.5340896153e-01 -7.0400813489e+00
138 144 148
2 27 206 -98.6600 37.8300 29 202 -153.7400 156.1400
-1.0174904199e+00 -1.5969906385e-01 -7.2129998565e+00
55 57 54
3 27 238 -144.9200 72.9500 86 166 -166.8500 60.6700 87 117 -177.3800 -19.6700
-9.3526059523e-01 -1.5908779872e-01 -7.0343882176e+00
43 51 54
2 29 47 -127.1300 88.3300 86 20 -77.1500 38.6800
-9.2468915375e-01 -1.6826513695e-01 -7.0462061581e+00
81 89 110
7 29 83 -8.8300 14.8300 30 59 2.3000 -34.1700 31 51 -2.1600 -71.5100 33 90 34.1200 47.8900 35 68 42.4400 -52.0600 36 55 38.3700 -100.0200 38 60 33.7000 -91.3400
-9.1971723449e-01 -1.6211658931e-01 -7.0457951467e+00
93 90 109
5 29 189 37.9200 64.0100 30 125 46.7300 17.9300 24 211 83.8500 -23.4800 25 242 94.9000 -57.4700 26 218 91.2200 -97.5400
-9.3352169943e-01 -1.6743847958e-01 -7.0395042236e+00
72 78 100
2 31 63 -86.8900 -73.7800 86 80 -45.2700 -54.9700
-9.2207503277e-01 -1.5402823553e-01 -7.0512337306e+00
68 65 82
6 33 22 49.9300 168.5500 34 27 51.8600 101.3700 35 34 54.1700 60.2600 36 28 48.2900 13.1300 87 31 66.4600 94.9400 38 46 40.0600 20.1000
-9.3490738435e-01 -1.6304473092e-01 -7.0337241763e+00
107 114 120
6 33 160 -80.1600 91.3800 34 125 -73.0900 30.1600 35 123 -68.9600 -8.0100 36 99 -74.3600 -56.2100 87 91 -82.4600 19.1000 37 100 -68.7200 -86.0600
-9.3490738435e-01 -1.6304473092e-01 -7.0337241763e+00
107 114 120
6 33 162 -80.1600 91.3800 34 126 -73.0900 30.1600 35 124 -68.9600 -8.0100 36 100 -74.3600 -56.2100 87 92 -82.4600 19.1000 37 101 -68.7200 -86.0600
-9.3711539937e-01 -1.6060960771e-01 -7.0387346080e+00
154 159 163
2 35 72 -79.3500 10.1900 87 37 -96.0400 40.4800
-9.0585481830e-01 -1.6753104186e-01 -7.0451362368e+00
132 132 132
5 27 4 179.2600 -94.3100 23 5 186.1300 -82.0900 24 3 183.7800 -103.3700 25 7 194.9600 -135.7100 22 4 156.2500 -121.7000
-9.3879358897e-01 -1.5200373895e-01 -7.0427355722e+00
66 73 76
9 27 37 -88.1800 51.6300 23 30 -53.3200 134.5000 24 18 -58.3600 108.2600 25 32 -42.9800 71.7400 26 25 -47.3900 34.1700 84 19 -55.4600 179.6900 85 13 -91.3300 159.3700 22 26 -55.0700 98.6600 82 3 -97.3200 173.9600
-9.3648245206e-01 -1.6079971611e-01 -7.0363415035e+00
152 160 163
2 27 87 -86.2300 -37.0500 85 40 -94.9500 44.3800
-9.3675034530e-01 -1.6496550708e-01 -7.0365507198e+00
106 113 119
2 27 137 -88.5800 -74.4500 85 76 -105.5900 -1.6400
-9.3675034530e-01 -1.6496550708e-01 -7.0365507198e+00
106 113 119
2 27 138 -88.5800 -74.4500 85 77 -105.5900 -1.6400
-9.3769609578e-01 -1.6632370874e-01 -7.0377493084e+00
131 135 138
2 27 169 -94.0100 -81.1700 85 74 -115.1200 -10.5500
-9.3769609578e-01 -1.6632370874e-01 -7.0377493084e+00
131 135 138
2 27 170 -94.0100 -81.1700 85 75 -115.1200 -10.5500
-9.3646976722e-01 -1.5948089519e-01 -7.0378789542e+00
94 101 107
2 27 180 -81.8700 -21.9500 85 110 -88.2900 63.1200
-9.2712614387e-01 -1.5756868589e-01 -7.0429983687e+00
69 69 70
9 27 192 7.1400 -2.3600 23 180 37.8800 50.8200 25 196 44.3000 -6.8200 26 177 39.5500 -45.3800 22 178 24.6400 15.0900 19 156 42.6600 -19.9100 20 171 52.0100 -28.8400 21 175 28.6100 -24.2900 82 41 35.1300 43.0500
-9.4036766646e-01 -1.5316705754e-01 -7.0426863957e+00
135 139 142
7 27 237 -100.1100 44.2500 23 199 -71.0600 124.8800 24 193 -76.0300 99.9300 25 216 -59.4200 63.8900 26 194 -63.9500 26.5500 84 161 -75.1200 171.2600 82 47 -125.6900 163.9900
-1.1407353777e+00 -2.2163858164e-01 -7.3721709579e+00
52 53 56
4 27 295 -209.3200 20.8800 29 295 -251.1400 68.7000 84 282 -248.7300 226.1400 85 175 -274.9300 107.3400
-9.2566358576e-01 -1.5642595186e-01 -7.0448760805e+00
66 67 72
8 29 197 -13.0600 116.4400 23 185 54.7900 60.1900 24 181 49.0000 36.0400 25 200 60.6100 1.4800 26 181 56.3600 -37.1300 22 184 42.3100 24.3300 20 174 71.4500 -17.7500 21 180 46.7200 -13.3400
-9.3767183488e-01 -1.5491685133e-01 -7.0386706194e+00
84 87 92
2 29 201 -139.7500 139.2800 85 120 -91.6000 123.1500
-9.3722508548e-01 -1.6520969504e-01 -7.0399058069e+00
48 55 61
2 31 9 -120.9800 -52.7700 85 5 -101.6100 6.4600
-9.0501998936e-01 -1.6873857711e-01 -7.0475175337e+00
132 132 132
4 23 6 186.1300 -82.0900 24 4 183.7800 -103.3700 25 8 194.9600 -135.7100 22 5 156.2500 -121.7000
-9.1786850729e-01 -1.6982108710e-01 -7.0559002899e+00
163 164 166
5 23 18 82.1900 -27.9100 24 20 79.2600 -52.5300 25 24 90.6500 -87.5300 26 18 87.3300 -128.7000 22 32 65.2200 -56.9300
-9.3788987391e-01 -1.6453575711e-01 -7.0370507267e+00
67 78 82
