# Bundle file v0.3
101 155
0 0 0
0 0 0
0 0 0
0 0 0
0 0 0
0 0 0
0 0 0
0 0 0
0 0 0
0 0 0
0 0 0
0 0 0
0 0 0
0 0 0
0 0 0
0 0 0
0 0 0
0 0 0
0 0 0
0 0 0
0 0 0
0 0 0
0 0 0
0 0 0
0 0 0
0 0 0
0 0 0
0 0 0
0 0 0
0 0 0
0 0 0
0 0 0
0 0 0
0 0 0
0 0 0
0 0 0
0 0 0
0 0 0
0 0 0
0 0 0
0 0 0
0 0 0
0 0 0
0 0 0
0 0 0
0 0 0
0 0 0
0 0 0
0 0 0
0 0 0
0 0 0
0 0 0
0 0 0
0 0 0
0 0 0
0 0 0
0 0 0
0 0 0
0 0 0
0 0 0
0 0 0
0 0 0
0 0 0
0 0 0
0 0 0
0 0 0
0 0 0
0 0 0
0 0 0
0 0 0
0 0 0
0 0 0
0 0 0
0 0 0
0 0 0
0 0 0
0 0 0
0 0 0
0 0 0
0 0 0
0 0 0
0 0 0
0 0 0
0 0 0
0 0 0
0 0 0
0 0 0
0 0 0
0 0 0
0 0 0
0 0 0
0 0 0
0 0 0
0 0 0
0 0 0
0 0 0
0 0 0
0 0 0
0 0 0
0 0 0
0 0 0
0 0 0
0 0 0
0 0 0
0 0 0
0 0 0
0 0 0
0 0 0
0 0 0
0 0 0
0 0 0
0 0 0
0 0 0
0 0 0
0 0 0
5.3200000000e+02 0.0000000000e+00 0.0000000000e+00
9.4848611524e-01 2.5369157213e-01 -1.8977532884e-01
-3.1104606101e-01 8.5948392803e-01 -4.0563250040e-01
6.0203298340e-02 4.4376566303e-01 8.9411833623e-01
-4.1122250935e-01 -2.9992371738e+00 6.3638748906e+00
5.3200000000e+02 0.0000000000e+00 0.0000000000e+00
9.5525860958e-01 2.3961069095e-01 -1.7340041988e-01
-2.8723082221e-01 8.9139760447e-01 -3.5058346441e-01
7.0565172751e-02 3.8470381792e-01 9.2033881200e-01
-2.9254208548e-01 -2.5873548277e+00 6.5488528482e+00
5.3200000000e+02 0.0000000000e+00 0.0000000000e+00
9.5235140778e-01 2.3369947928e-01 -1.9598813610e-01
-2.8294673134e-01 9.1685713026e-01 -2.8162767960e-01
1.1387687796e-01 3.2366271963e-01 9.3929468251e-01
-4.5370410685e-01 -2.0977680247e+00 6.7121299854e+00
5.3200000000e+02 0.0000000000e+00 0.0000000000e+00
9.5281281877e-01 2.4277288868e-01 -1.8223352299e-01
-2.7853861911e-01 9.3787359590e-01 -2.0690421884e-01
1.2068127461e-01 2.4790006582e-01 9.6123960974e-01
-3.5558277671e-01 -1.5687413175e+00 6.8613301083e+00
5.3200000000e+02 0.0000000000e+00 0.0000000000e+00
9.8854574926e-01 7.4450516573e-02 -1.3127993829e-01
-1.0280391434e-01 9.6901832615e-01 -2.2457702193e-01
1.1049279076e-01 2.3550075194e-01 9.6557275180e-01
6.0500237504e-03 -1.5201903601e+00 6.8761733327e+00
5.3200000000e+02 0.0000000000e+00 0.0000000000e+00
9.9768139527e-01 -2.8110543868e-03 -6.7999496344e-02
-4.5415977319e-03 9.9416958137e-01 -1.0773215566e-01
6.7905871763e-02 1.0779119373e-01 9.9185172840e-01
4.4255132152e-01 -5.9847481538e-01 7.0035704567e+00
5.3200000000e+02 0.0000000000e+00 0.0000000000e+00
9.9622535289e-01 5.4346519159e-02 -6.7686794217e-02
-7.3412250236e-02 9.4359063404e-01 -3.2287359270e-01
4.6321569180e-02 3.2662389870e-01 9.4401861265e-01
4.5330872625e-01 -2.1766202891e+00 6.6851967281e+00
5.3200000000e+02 0.0000000000e+00 0.0000000000e+00
9.9714482797e-01 8.2145190649e-03 -7.5064730319e-02
-2.1393804249e-02 9.8406774935e-01 -1.7650203915e-01
7.2418900855e-02 1.7760401561e-01 9.8143380645e-01
3.9586943934e-01 -1.0967283497e+00 6.9474247857e+00
5.3200000000e+02 0.0000000000e+00 0.0000000000e+00
9.9849966172e-01 -8.9349714559e-03 -5.4023993058e-02
5.4963612107e-03 9.9796884031e-01 -6.3466398878e-02
5.4481332163e-02 6.3074242430e-02 9.9652065929e-01
5.4187085376e-01 -2.7791888073e-01 7.0178463762e+00
5.3200000000e+02 0.0000000000e+00 0.0000000000e+00
9.9090615266e-01 -1.0222440261e-01 -8.7493817664e-02
1.0721668491e-01 9.9274689780e-01 5.4389147695e-02
8.1299317931e-02 -6.3275338169e-02 9.9467917063e-01
2.8513412279e-01 6.4364447626e-01 7.0088025303e+00
5.3200000000e+02 0.0000000000e+00 0.0000000000e+00
9.8971063492e-01 -6.6409895724e-02 -1.2673825343e-01
4.1226797506e-02 9.8055598171e-01 -1.9186015195e-01
1.3701536520e-01 1.8466102049e-01 9.7320455055e-01
1.6443849908e-02 -1.1369153077e+00 6.9501335076e+00
5.3200000000e+02 0.0000000000e+00 0.0000000000e+00
9.8892595951e-01 -7.6538855477e-02 -1.2715050220e-01
6.9920017960e-02 9.9599445641e-01 -5.5733597448e-02
1.3090698108e-01 4.6226035936e-02 9.9031637162e-01
1.1787131453e-02 -1.5661562602e-01 7.0412786434e+00
5.3200000000e+02 0.0000000000e+00 0.0000000000e+00
9.8777544445e-01 -8.1526056769e-02 -1.3286524531e-01
8.6652292803e-02 9.9568331586e-01 3.3258302376e-02
1.2958028977e-01 -4.4364812551e-02 9.9057594959e-01
-2.9906839155e-02 4.8072263265e-01 7.0266850717e+00
5.3200000000e+02 0.0000000000e+00 0.0000000000e+00
9.8882173996e-01 -8.4575182029e-02 -1.2279497206e-01
9.9532700053e-02 9.8761577432e-01 1.2127787897e-01
1.1101715273e-01 -1.3214431843e-01 9.8499394460e-01
4.0847732337e-02 1.1053069862e+00 6.9561069021e+00
5.3200000000e+02 0.0000000000e+00 0.0000000000e+00
9.8799084452e-01 -8.1734198767e-02 -1.3112441380e-01
1.0450528789e-01 9.7856537136e-01 1.7744987679e-01
1.1381008718e-01 -1.8902204824e-01 9.7535528365e-01
-1.7438068990e-02 1.5002995124e+00 6.8815156394e+00
0 0 0
0 0 0
0 0 0
0 0 0
0 0 0
0 0 0
0 0 0
0 0 0
0 0 0
0 0 0
0 0 0
0 0 0
0 0 0
0 0 0
0 0 0
0 0 0
0 0 0
0 0 0
0 0 0
0 0 0
0 0 0
0 0 0
0 0 0
0 0 0
0 0 0
0 0 0
0 0 0
0 0 0
0 0 0
0 0 0
0 0 0
0 0 0
0 0 0
0 0 0
0 0 0
0 0 0
0 0 0
0 0 0
0 0 0
0 0 0
0 0 0
0 0 0
0 0 0
0 0 0
0 0 0
0 0 0
0 0 0
0 0 0
0 0 0
0 0 0
0 0 0
0 0 0
0 0 0
0 0 0
0 0 0
0 0 0
0 0 0
0 0 0
0 0 0
0 0 0
0 0 0
0 0 0
0 0 0
0 0 0
0 0 0
0 0 0
0 0 0
0 0 0
0 0 0
0 0 0
0 0 0
0 0 0
0 0 0
0 0 0
0 0 0
0 0 0
0 0 0
0 0 0
0 0 0
0 0 0
0 0 0
0 0 0
0 0 0
0 0 0
0 0 0
0 0 0
0 0 0
0 0 0
0 0 0
0 0 0
0 0 0
0 0 0
0 0 0
0 0 0
0 0 0
0 0 0
0 0 0
0 0 0
0 0 0
0 0 0
0 0 0
0 0 0
0 0 0
0 0 0
0 0 0
0 0 0
0 0 0
0 0 0
0 0 0
0 0 0
0 0 0
0 0 0
0 0 0
0 0 0
0 0 0
0 0 0
0 0 0
0 0 0
0 0 0
0 0 0
0 0 0
0 0 0
0 0 0
0 0 0
0 0 0
0 0 0
0 0 0
0 0 0
0 0 0
0 0 0
0 0 0
0 0 0
0 0 0
0 0 0
0 0 0
0 0 0
0 0 0
0 0 0
0 0 0
0 0 0
0 0 0
0 0 0
0 0 0
0 0 0
0 0 0
0 0 0
0 0 0
0 0 0
0 0 0
0 0 0
0 0 0
0 0 0
0 0 0
0 0 0
0 0 0
0 0 0
0 0 0
0 0 0
0 0 0
0 0 0
0 0 0
0 0 0
0 0 0
0 0 0
0 0 0
0 0 0
0 0 0
0 0 0
0 0 0
0 0 0
0 0 0
0 0 0
0 0 0
0 0 0
0 0 0
0 0 0
0 0 0
0 0 0
0 0 0
0 0 0
0 0 0
0 0 0
0 0 0
0 0 0
0 0 0
0 0 0
0 0 0
0 0 0
0 0 0
0 0 0
0 0 0
0 0 0
0 0 0
0 0 0
0 0 0
0 0 0
0 0 0
0 0 0
0 0 0
0 0 0
0 0 0
0 0 0
0 0 0
0 0 0
0 0 0
0 0 0
0 0 0
0 0 0
0 0 0
0 0 0
0 0 0
0 0 0
0 0 0
0 0 0
0 0 0
0 0 0
0 0 0
0 0 0
0 0 0
0 0 0
0 0 0
0 0 0
0 0 0
0 0 0
0 0 0
0 0 0
0 0 0
0 0 0
0 0 0
0 0 0
5.3200000000e+02 0.0000000000e+00 0.0000000000e+00
9.4258633511e-01 3.1215808683e-01 -1.1869426985e-01
-3.3059882285e-01 8.2185370735e-01 -4.6396217738e-01
-4.7280219938e-02 4.7656459430e-01 8.7786717006e-01
9.3789704342e-02 -3.4348255919e+00 6.1665881869e+00
5.3200000000e+02 0.0000000000e+00 0.0000000000e+00
9.7292014203e-01 2.2602124257e-01 -4.8381764523e-02
-2.2988034293e-01 9.2434104708e-01 -3.0454664113e-01
-2.4112759371e-02 3.0742157797e-01 9.5126786356e-01
6.0052340257e-01 -2.2015967620e+00 6.6753188242e+00
5.3200000000e+02 0.0000000000e+00 0.0000000000e+00
9.9537295873e-01 3.5867269948e-02 -8.9141527735e-02
-5.0467968568e-02 9.8460185812e-01 -1.6736835163e-01
8.1765867995e-02 1.7109272318e-01 9.8185621295e-01
3.0486975836e-01 -1.0610698399e+00 6.9677128649e+00
5.3200000000e+02 0.0000000000e+00 0.0000000000e+00
9.9690222271e-01 -4.5215480319e-02 -6.4354632251e-02
4.5239609415e-02 9.9897557775e-01 -1.0829584860e-03
6.4337672422e-02 -1.8317747053e-03 9.9792650456e-01
4.6692238865e-01 2.0262517049e-01 7.0377831551e+00
0 0 0
0 0 0
0 0 0
0 0 0
0 0 0
0 0 0
0 0 0
0 0 0
0 0 0
0 0 0
0 0 0
0 0 0
0 0 0
0 0 0
0 0 0
0 0 0
0 0 0
0 0 0
0 0 0
0 0 0
0 0 0
0 0 0
0 0 0
0 0 0
0 0 0
0 0 0
0 0 0
0 0 0
0 0 0
0 0 0
0 0 0
0 0 0
0 0 0
0 0 0
0 0 0
0 0 0
0 0 0
0 0 0
0 0 0
0 0 0
0 0 0
0 0 0
0 0 0
0 0 0
0 0 0
0 0 0
0 0 0
0 0 0
0 0 0
0 0 0
0 0 0
0 0 0
0 0 0
0 0 0
0 0 0
0 0 0
0 0 0
0 0 0
0 0 0
0 0 0
0 0 0
0 0 0
0 0 0
0 0 0
0 0 0
-9.1848082838e-01 -1.5083723275e-01 -7.0607129199e+00
174 176 175
18 28 17 31.6200 72.5100 32 20 40.9800 43.9600 27 27 73.2500 51.2400 29 23 43.0600 160.1300 30 20 46.8800 104.2900 31 17 37.5800 63.4700 33 15 70.1100 183.6900 34 15 70.6100 115.5000 35 23 72.0400 72.5500 36 17 65.8900 26.9600 86 15 100.0500 107.8700 87 13 85.7000 107.5300 23 21 122.2500 123.2300 24 25 113.6500 95.4800 25 31 123.9300 56.7900 26 14 118.9200 19.1000 37 20 70.8300 -3.9700 85 12 99.7100 122.8200
-9.2908586954e-01 -1.5590013536e-01 -7.0425062595e+00
30 31 52
19 28 44 -50.2500 47.6900 32 66 -37.5100 21.3400 27 52 -5.0600 17.1200 29 50 -44.8700 130.7100 30 48 -36.7600 78.1300 31 43 -42.2100 39.6600 33 95 -12.1600 162.9000 34 74 -7.5800 96.4300 35 78 -4.5900 56.1100 36 63 -9.8100 8.4200 86 37 11.6900 81.1600 87 50 -1.0300 95.7000 23 46 31.0500 76.5900 24 42 25.0600 52.5000 25 48 37.1100 17.7100 26 43 32.6200 -20.7000 37 68 -4.3800 -21.3900 84 22 49.1500 97.0900 85 22 11.6000 98.0500
-9.2811576798e-01 -1.5810399896e-01 -7.0406674412e+00
23 21 21
18 28 42 -43.8300 30.2500 32 65 -28.7500 6.7600 27 68 -1.1100 -2.5900 29 64 -38.8200 109.7500 30 47 -29.7200 59.4300 33 94 -3.3400 146.9800 34 73 1.3300 82.0900 35 77 4.2200 42.4500 36 62 -1.0200 -5.0800 86 50 20.5400 59.1600 87 49 10.7000 78.4900 23 76 29.1600 51.6300 24 53 23.7700 27.5800 25 83 35.9300 -5.7800 26 74 31.0400 -44.3500 37 67 4.2300 -34.8300 84 43 47.6100 67.7000 85 29 15.1300 72.9300
-9.2404287327e-01 -1.5833376968e-01 -7.0436854754e+00
26 27 30
17 28 41 -8.7000 28.4000 32 64 5.9800 5.7300 27 67 31.9000 -4.1300 29 63 -1.8300 106.7500 30 46 5.9300 57.1300 33 93 32.0900 143.9300 34 72 35.4000 79.3300 35 76 37.7900 39.9200 36 61 32.3400 -7.4900 86 49 60.3800 54.7700 23 75 63.0400 48.3300 24 76 57.7400 24.4600 25 82 68.7900 -9.5300 26 73 64.3900 -48.3500 37 66 37.4200 -37.0500 84 42 86.2100 56.9400 85 41 52.3600 64.1500
-9.2508267962e-01 -1.6247263485e-01 -7.0377998561e+00
93 90 102
19 28 73 -20.6300 -7.4800 32 74 -2.0100 -25.3300 27 110 18.6500 -44.1900 29 114 -15.2600 65.6700 30 75 -5.6600 19.6400 31 55 -11.0200 -14.7600 33 110 22.9500 112.5100 34 88 27.4400 50.5600 35 90 30.2300 12.1700 36 73 25.1200 -35.4200 86 69 49.9300 10.3800 87 62 44.2400 38.6600 23 120 40.4600 1.2000 24 116 35.5900 -22.4600 25 131 47.1400 -55.1700 26 126 42.6000 -94.8500 37 80 30.3100 -65.1000 84 69 60.4100 2.8000 85 50 34.9500 17.1100
-9.2352091128e-01 -1.6248994936e-01 -7.0390348913e+00
95 93 105
13 28 94 -6.5300 -7.3700 32 97 12.3600 -25.0900 27 140 31.7800 -43.5400 29 146 -0.7200 65.9800 30 96 8.6900 19.7300 31 79 3.2900 -14.8600 86 89 66.0400 10.2500 23 163 53.5600 1.7800 24 152 48.9100 -21.9900 25 173 60.2100 -55.0600 26 154 55.9100 -94.7800 84 84 75.9200 1.6100 85 106 50.0600 15.8100
-1.0061169799e+00 -2.2382242458e-01 -7.1860447561e+00
173 174 171
12 28 144 -170.6200 -122.9600 32 82 -150.5000 -218.3700 27 228 -140.4900 -68.9200 31 117 -175.5600 -145.7100 33 125 -126.4700 -71.1400 34 171 -127.8600 -142.9100 86 159 -158.8600 -90.1500 87 99 -167.3500 -176.1200 23 77 -139.2800 54.7200 24 74 -145.1800 18.1800 25 81 -131.4500 -21.5500 26 70 -137.0200 -58.4700
-9.3755564244e-01 -1.5159164553e-01 -7.0449580718e+00
64 64 74
10 28 47 -112.6100 81.2400 32 49 -98.6800 44.8800 27 69 -64.6400 56.9400 30 36 -99.8200 113.0100 31 30 -103.0000 70.9600 86 40 -62.6900 124.7500 23 62 -28.7600 138.8800 25 62 -18.6300 74.9700 26 56 -23.0400 36.8800 85 23 -56.5900 159.3800
-9.2350512163e-01 -1.6253830440e-01 -7.0391645046e+00
95 93 105
18 28 95 -6.5300 -7.3700 32 98 12.3600 -25.0900 27 141 31.7800 -43.5400 29 147 -0.7200 65.9800 30 97 8.6900 19.7300 31 80 3.2900 -14.8600 33 136 37.4100 112.0400 34 104 41.5000 50.0400 35 107 44.1800 11.5300 36 87 39.0100 -35.9300 86 90 66.0400 10.2500 87 77 60.8800 37.1200 23 164 53.5600 1.7800 24 153 48.9100 -21.9900 25 174 60.2100 -55.0600 26 155 55.9100 -94.7800 37 88 44.2300 -65.3600 84 85 75.9200 1.6100
-9.2872349377e-01 -1.6217041582e-01 -7.0349599463e+00
96 92 107
18 28 96 -55.4200 -6.0800 32 99 -36.9200 -24.6100 27 142 -13.6200 -43.4900 29 148 -51.6100 67.4800 30 98 -41.0800 21.1600 31 81 -45.6800 -12.8200 33 137 -12.2000 115.1300 34 105 -6.7800 53.0000 35 108 -3.6700 14.5700 36 88 -8.7600 -33.1900 86 91 9.5200 13.3700 87 78 2.9400 44.1300 23 165 8.1100 2.3800 24 154 3.0000 -20.8300 25 175 15.2100 -52.9500 26 157 10.1800 -92.2400 37 89 -3.3100 -62.8700 84 88 21.6800 9.8700
-9.2976027157e-01 -1.6199622558e-01 -7.0341778201e+00
97 94 113
14 28 98 -65.8000 -5.1700 32 101 -47.3500 -23.9900 27 145 -23.3200 -42.7700 29 150 -62.4900 68.5800 30 100 -51.6900 22.1700 31 84 -56.0100 -11.8400 33 140 -22.6500 116.2900 86 93 -2.7100 14.8400 23 167 -1.6400 3.3800 24 155 -6.8000 -19.7100 25 177 5.6600 -51.5600 26 159 0.5000 -90.7400 84 90 9.8900 12.9000 85 81 -14.2000 26.4500
-9.1900318958e-01 -1.6296434757e-01 -7.0431224342e+00
90 89 105
11 28 117 30.9800 -8.9100 32 116 50.1000 -26.0100 27 176 66.9900 -44.1200 29 191 37.9200 64.0100 30 127 46.7300 17.9300 31 100 40.5400 -16.8700 33 165 75.8400 109.1400 86 123 108.6500 7.4200 24 212 83.8500 -23.4800 25 243 94.9000 -57.4700 26 219 91.2200 -97.5400
-9.3787037996e-01 -1.5449642030e-01 -7.0430427766e+00
55 58 65
12 28 5 -114.8600 60.5900 32 7 -100.8700 23.2700 27 5 -71.4700 32.7800 29 6 -119.2100 151.2300 30 6 -106.4900 91.9500 31 6 -109.9500 49.0200 33 6 -79.4800 169.1200 34 7 -72.8400 100.4600 35 9 -68.1300 57.5600 86 2 -72.3800 94.5900 87 6 -84.1400 103.6300 37 9 -67.4500 -18.4300
-9.3772630894e-01 -1.6662595549e-01 -7.0370093728e+00
50 56 63
14 28 8 -129.3500 -46.3300 32 9 -107.3900 -73.1900 27 13 -86.0600 -69.9300 29 9 -128.2700 32.5000 30 8 -116.4600 -16.4400 31 8 -120.9800 -52.7700 33 8 -82.7600 68.5000 34 10 -76.2600 6.8900 35 10 -72.0900 -32.4500 36 8 -77.9700 -81.0800 86 3 -84.4200 -27.6900 87 9 -89.7900 -13.6600 37 7 -72.6900 -111.4100 85 4 -101.6100 6.4600
-9.1397941393e-01 -1.7063818890e-01 -7.0503941990e+00
103 105 104
12 28 28 64.0300 -60.0400 32 34 89.5400 -82.3200 27 46 94.3900 -85.6700 29 41 67.3300 14.1300 30 34 78.4100 -33.7400 31 27 73.3400 -70.1700 33 42 110.1400 49.7300 34 37 114.6500 -10.7200 35 43 118.3200 -49.8500 36 36 114.8800 -97.6600 86 11 138.8500 -51.6900 37 38 121.1600 -128.1000
-9.3533174503e-01 -1.6167553170e-01 -7.0320904633e+00
39 48 51
14 28 39 -121.7300 -3.2600 32 46 -103.0100 -24.7100 27 66 -74.2300 -40.6600 29 46 -121.4700 72.1200 30 44 -108.6000 24.3100 31 41 -112.1200 -9.8400 33 46 -78.6900 118.2600 34 53 -71.0000 55.2100 35 56 -66.8900 16.4600 36 46 -72.1000 -31.3400 86 35 -69.6700 18.6600 87 38 -78.0200 50.3400 37 47 -66.1500 -61.1700 85 28 -77.9200 36.8900
-9.3604326144e-01 -1.6910897099e-01 -7.0372571836e+00
76 83 93
13 28 89 -112.8000 -65.2000 32 92 -90.9000 -94.3200 27 136 -70.8200 -88.1800 29 108 -112.9500 12.5000 30 71 -100.3500 -37.4300 31 75 -104.9700 -74.3800 34 84 -61.1500 -13.9800 35 104 -57.3900 -52.9700 36 83 -63.1900 -101.5800 86 62 -66.6300 -54.6500 87 71 -71.7300 -39.1600 37 76 -57.9600 -131.8100 85 71 -87.9800 -24.2700
-9.2989877731e-01 -1.6198143423e-01 -7.0350975406e+00
97 94 113
15 28 97 -65.8000 -5.1700 32 100 -47.3500 -23.9900 27 144 -23.3200 -42.7700 29 149 -62.4900 68.5800 30 99 -51.6900 22.1700 31 83 -56.0100 -11.8400 33 139 -22.6500 116.2900 34 106 -17.0400 53.9600 35 109 -13.6600 15.5800 36 89 -18.8000 -32.3200 86 92 -2.7100 14.8400 87 79 -9.5300 46.1700 37 90 -13.2800 -61.8500 84 89 9.8900 12.9000 85 80 -14.2000 26.4500
-9.1891956930e-01 -1.6293296756e-01 -7.0427538963e+00
90 89 105
8 28 116 30.9800 -8.9100 32 115 50.1000 -26.0100 27 175 66.9900 -44.1200 29 190 37.9200 64.0100 30 126 46.7300 17.9300 31 99 40.5400 -16.8700 33 164 75.8400 109.1400 86 122 108.6500 7.4200
-9.4008819456e-01 -1.5275051391e-01 -7.0414769558e+00
66 68 73
10 28 18 -138.2000 74.4100 32 29 -124.6700 38.5900 29 14 -141.4900 167.0800 30 21 -128.0100 106.1600 31 13 -130.3600 62.9700 33 23 -103.2500 184.6500 34 20 -94.5900 114.7100 35 24 -89.6100 72.5500 36 24 -93.9200 24.0500 87 14 -109.4700 124.1400
-9.3235671243e-01 -1.6417569143e-01 -7.0329955343e+00
86 97 119
10 28 37 -91.3600 -26.9000 32 44 -71.2600 -46.2600 31 39 -81.5900 -33.6400 33 61 -46.7900 94.6600 34 51 -40.6600 33.2700 35 54 -36.9100 -4.8800 36 45 -42.0900 -52.8100 86 33 -33.8600 -11.4400 87 36 -39.8500 21.3200 37 46 -36.5300 -82.6200
-9.2689335961e-01 -1.5257025522e-01 -7.0506581983e+00
76 73 87
6 28 45 -25.9100 69.6300 32 48 -15.0000 37.6000 33 64 10.8500 179.1000 35 79 16.3500 69.4900 36 64 11.1000 22.1200 86 51 36.6100 107.2700
-1.0632388933e+00 -4.7086492736e-02 -7.3168666980e+00
118 116 117
7 28 49 -186.4500 193.1100 32 103 -180.0400 92.1400 31 66 -190.1200 170.4400 34 89 -158.0600 157.6300 35 91 -151.4500 108.0800 36 74 -154.3400 60.7100 37 92 -148.2900 31.1500
-9.1749057648e-01 -1.7047431899e-01 -7.0499777946e+00
88 94 100
12 28 69 39.4800 -59.1700 32 43 64.9500 -82.8800 29 109 42.0100 15.9500 30 72 53.7200 -32.3400 31 53 48.4000 -69.2400 33 91 85.0800 49.3100 34 66 89.8100 -11.3900 35 69 93.4100 -50.6000 36 56 89.8100 -98.2900 86 81 107.5900 -51.3000 87 58 109.3700 -42.1800 37 61 95.7700 -128.9900
-9.3414613225e-01 -1.6920569495e-01 -7.0379623733e+00
70 76 97
8 28 90 -95.4000 -64.5300 32 71 -73.0000 -92.6900 30 91 -82.4100 -37.5800 33 107 -50.0200 47.5100 34 83 -44.2700 -13.4200 35 86 -40.6100 -52.4100 87 59 -49.5900 -39.2700 37 75 -40.5400 -131.3200
-9.3685351911e-01 -1.6555893766e-01 -7.0324252533e+00
88 93 97
11 28 92 -133.1400 -39.9200 32 96 -112.6000 -64.1000 30 94 -120.4700 -13.0700 31 78 -124.4400 -47.3500 33 134 -87.8900 78.4500 34 102 -80.9900 17.2800 35 105 -76.9900 -21.0500 36 85 -82.5700 -69.5800 86 87 -87.2800 -26.0800 87 74 -93.7800 2.2600 37 86 -76.9200 -99.4300
-9.3392234485e-01 -1.7527845285e-01 -7.0318735930e+00
176 176 176
4 28 0 -104.8200 -131.8900 29 0 -104.7100 -53.8200 24 1 -76.9100 -112.3600 25 1 -59.8200 -158.3600
-9.1389976209e-01 -1.7574864318e-01 -7.0499129020e+00
171 173 170
4 28 4 64.4200 -94.4600 30 5 75.4900 -67.2800 31 3 78.8000 -110.8900 85 2 87.5300 -84.8000
-9.2197480325e-01 -1.5379642489e-01 -7.0530512693e+00
66 65 81
7 28 15 10.0400 59.1000 27 20 52.6300 34.7400 29 13 18.4900 145.8400 30 19 24.0300 90.2100 31 16 16.3500 49.9500 86 8 76.0900 93.2500 85 11 73.3300 110.0700
-1.0645427551e+00 -4.6995346943e-02 -7.3324478418e+00
124 122 123
6 28 19 -179.3700 185.9600 31 18 -182.6500 163.0900 34 21 -150.5800 151.2700 35 25 -144.0600 101.7700 36 25 -147.2000 54.6700 87 22 -178.5000 135.6600
-9.3688329019e-01 -1.6961155529e-01 -7.0360852523e+00
177 179 178
9 28 33 -121.9600 -70.6700 29 57 -121.7600 5.4900 30 30 -109.3800 -44.5700 34 46 -70.8300 -19.0600 36 43 -72.3300 -106.8800 86 27 -77.9800 -62.3300 87 34 -83.4200 -45.1900 37 36 -67.8200 -138.1600 85 25 -100.2200 -30.5000
-9.2587916808e-01 -1.6962712126e-01 -7.0433357192e+00
75 86 108
2 28 34 -23.0400 -60.9000 27 106 11.3000 -85.1000
-9.3762033559e-01 -1.6845459239e-01 -7.0360803882e+00
46 53 59
7 28 35 -128.7300 -60.6100 27 59 -86.0200 -85.0200 29 59 -128.5900 15.9700 30 40 -116.3200 -33.7800 31 28 -121.6900 -69.3100 86 29 -85.1000 -49.9000 85 37 -107.8400 -17.7900
-9.3714636658e-01 -1.6182158401e-01 -7.0334316548e+00
151 160 163
5 28 38 -133.9900 -4.4400 29 62 -135.1800 74.0600 30 43 -121.5600 23.8300 31 42 -124.9400 -11.7500 86 34 -86.0900 18.5400
-9.2863003812e-01 -1.5252028727e-01 -7.0490110041e+00
78 76 90
3 28 46 -39.4800 71.4100 33 65 -3.3700 181.1700 86 39 21.4200 109.2700
-9.2589981341e-01 -1.6972754737e-01 -7.0437886864e+00
73 84 106
8 28 56 -22.9400 -61.5800 29 58 -21.5100 15.0800 30 60 -9.6900 -34.4000 31 52 -13.9600 -71.3600 33 57 22.1100 49.4900 34 49 27.6700 -11.9000 35 52 30.6000 -50.2800 86 46 37.6500 -52.1400
-9.1984970619e-01 -1.7023967125e-01 -7.0480858173e+00
77 85 107
13 28 57 24.2500 -60.2900 32 33 46.6600 -84.1000 27 83 55.6400 -83.6700 29 86 26.4800 15.7500 30 41 37.4700 -32.8500 31 36 32.3800 -69.8700 33 43 67.7600 49.5100 34 48 73.8000 -12.2200 35 44 76.0300 -50.3800 36 37 72.2900 -98.3900 86 28 90.1700 -51.0100 87 29 90.3500 -40.6000 37 39 77.9500 -128.6300
-9.3756950058e-01 -1.5153863784e-01 -7.0434496960e+00
65 65 75
4 28 60 -113.6100 82.0800 27 96 -65.9200 57.9900 29 65 -114.4400 175.0300 31 56 -107.0700 74.0800
-1.0717039484e+00 -3.9347215753e-02 -7.3273394384e+00
10 12 13
7 28 63 -192.6900 198.8200 31 58 -195.3900 176.7900 34 75 -163.7700 163.2800 35 80 -157.0800 113.1700 36 65 -159.5000 66.0800 87 65 -191.4900 147.5900 37 69 -153.5500 36.2500
-9.3746300327e-01 -1.6712542230e-01 -7.0337460183e+00
90 96 102
4 28 70 -134.0300 -52.7100 30 73 -121.7900 -26.0600 31 65 -125.4400 -60.2900 86 84 -90.7200 -40.9100
-9.2249037855e-01 -1.6125615880e-01 -7.0411925887e+00
32 30 38
11 28 75 2.6400 3.9000 27 146 41.4500 -30.9900 29 151 9.5800 78.6700 30 101 18.2300 31.6000 31 85 12.2900 -3.8400 86 94 75.9900 23.9900 23 168 66.3600 15.8900 24 157 61.5800 -8.0100 25 180 72.4700 -41.7100 26 161 68.3400 -81.0800 84 91 90.1400 16.9000
-9.2861069038e-01 -1.5910489391e-01 -7.0390987852e+00
83 82 104
5 28 99 -49.2100 21.6700 29 155 -44.6500 99.3300 30 102 -35.1000 50.3900 31 86 -40.3400 14.3100 86 95 14.6000 48.4600
-9.3837348153e-01 -1.5851585655e-01 -7.0348056401e+00
99 104 108
5 28 100 -141.0700 26.8600 29 157 -143.1100 107.4700 30 103 -129.4900 56.1200 86 96 -96.0200 58.8500 85 86 -99.9500 87.8900
-9.4139267860e-01 -1.5406240862e-01 -7.0394683354e+00
86 90 93
4 28 102 -153.3200 63.9000 29 159 -158.5600 154.6800 30 104 -143.5200 96.5000 31 87 -146.2800 55.9100
-9.3613851371e-01 -1.6464666592e-01 -7.0322660388e+00
95 102 106
4 28 112 -126.9600 -31.5700 30 120 -114.4300 -4.9000 31 96 -117.7600 -38.2600 86 118 -79.8200 -16.5500
-9.3559785997e-01 -1.6444133671e-01 -7.0305484639e+00
95 102 106
3 28 113 -126.9600 -31.5700 30 121 -114.4300 -4.9000 31 97 -117.7600 -38.2600
-9.3500643329e-01 -1.6287606311e-01 -7.0312533454e+00
80 89 92
3 28 114 -120.1000 -15.6500 30 124 -106.8800 11.3500 31 98 -110.6700 -22.3300
-9.2563933797e-01 -1.5908800371e-01 -7.0409766305e+00
65 63 66
12 28 118 -23.0800 21.8200 27 148 18.0700 -11.9700 29 154 -16.9600 99.3200 30 128 -8.5400 50.4700 31 101 -14.2900 14.1200 86 124 45.0600 47.5800 23 124 47.0300 38.9200 24 167 41.8600 15.1900 25 188 53.4500 -18.5300 26 168 48.8300 -57.2700 84 96 68.4000 48.9900 85 108 36.6400 57.4900
-9.2638819451e-01 -1.5899827148e-01 -7.0403141668e+00
64 62 63
9 28 119 -30.1500 22.6100 27 185 11.6500 -11.3200 29 192 -24.2400 100.2300 86 125 37.3200 48.6200 23 172 40.9200 39.6600 24 168 35.6600 15.9600 25 189 47.2700 -17.6400 26 169 42.6100 -56.3300 84 97 61.5400 50.9400
-9.2509959038e-01 -1.5821755089e-01 -7.0427155859e+00
65 65 67
11 28 120 -17.7800 29.0600 27 189 23.7100 -3.5300 29 194 -11.0600 107.6900 30 129 -2.9000 57.9700 86 139 50.4700 56.3800 23 177 54.7300 49.1900 24 172 49.2700 25.2400 25 193 60.6400 -8.9200 26 174 56.1300 -47.6300 84 99 76.7900 60.1500 85 112 43.1500 66.8000
-9.2509572677e-01 -1.5819801193e-01 -7.0426398556e+00
65 65 67
9 28 121 -17.7800 29.0600 27 190 23.7100 -3.5300 29 195 -11.0600 107.6900 23 178 54.7300 49.1900 24 173 49.2700 25.2400 25 194 60.6400 -8.9200 26 175 56.1300 -47.6300 84 100 76.7900 60.1500 85 113 43.1500 66.8000
-9.2712585083e-01 -1.5805497630e-01 -7.0411098773e+00
66 64 65
13 28 122 -35.1900 30.6600 27 191 7.1400 -2.3600 29 158 -29.4800 109.6800 30 130 -20.9100 59.7400 31 102 -26.5000 22.9200 33 166 5.3500 147.2500 86 126 30.4300 59.1000 23 179 37.8800 50.8200 24 176 32.4900 27.0800 25 195 44.3000 -6.8200 26 176 39.5500 -45.3800 84 101 57.6500 65.3100 85 116 24.6600 71.4600
-9.2830367859e-01 -1.5707662710e-01 -7.0413584761e+00
63 65 69
11 28 123 -44.3900 38.5000 27 198 -1.3100 6.4400 29 200 -39.3900 119.3400 30 133 -30.5100 68.2000 31 105 -36.0700 30.8500 86 127 19.0500 69.4400 23 190 30.9600 62.3300 24 187 25.4600 38.5200 25 206 37.4200 4.4100 26 186 32.7500 -34.0600 84 107 49.7200 80.4300
-9.2758932873e-01 -1.5708485545e-01 -7.0419456204e+00
68 71 74
12 28 149 -38.1000 38.3800 27 196 4.7300 6.4400 29 198 -32.4900 118.9800 30 131 -24.0500 67.9400 31 103 -29.8000 30.6000 86 140 26.3900 68.8900 23 186 37.3000 61.9700 24 185 31.7700 38.0400 25 203 43.7400 3.8300 26 184 38.8900 -34.6400 84 105 56.9200 78.8300 85 117 22.2700 82.8200
-9.2758065137e-01 -1.5707814259e-01 -7.0419166149e+00
68 71 74
11 28 150 -38.1000 38.3800 27 197 4.7300 6.4400 29 199 -32.4900 118.9800 30 132 -24.0500 67.9400 31 104 -29.8000 30.6000 23 187 37.3000 61.9700 24 186 31.7700 38.0400 25 204 43.7400 3.8300 26 185 38.8900 -34.6400 84 106 56.9200 78.8300 85 118 22.2700 82.8200
-9.3572770815e-01 -1.4031717215e-01 -7.0500086088e+00
183 183 183
4 32 2 -83.5700 114.9600 35 3 -51.7700 145.9100 36 2 -54.4800 98.1600 37 2 -48.1000 66.5600
-9.1237449753e-01 -1.7609662760e-01 -7.0465671624e+00
179 179 178
4 32 4 108.7300 -124.4300 34 4 133.4200 -50.8600 35 5 141.4000 -92.4200 87 2 165.1000 -94.6900
-9.4821673579e-01 -1.5225942983e-01 -7.0512814809e+00
121 123 122
6 32 12 -154.5200 21.2800 33 10 -135.5400 164.8200 34 11 -127.9000 96.3800 35 11 -123.6700 55.3000 36 9 -127.9000 9.1100 37 8 -121.6700 -22.3100
-9.3572932127e-01 -1.5303115766e-01 -7.0422807803e+00
64 61 80
8 32 19 -89.7600 38.2800 31 12 -94.2500 62.4400 33 16 -65.9800 183.3100 34 19 -59.7300 114.8000 35 19 -54.3100 73.5800 36 16 -59.4800 25.3000 87 21 -67.7600 121.7700 37 21 -54.5100 -5.0100
-9.3616463263e-01 -1.6355251048e-01 -7.0315021502e+00
47 54 60
6 32 45 -110.5900 -43.7000 33 62 -85.8400 99.1300 34 67 -78.6300 37.0800 35 71 -74.6700 -1.5600 87 46 -89.5700 28.4200 37 62 -73.9100 -78.9100
-9.3702595945e-01 -1.6205305922e-01 -7.0330391061e+00
148 156 159
5 32 62 -115.3600 -30.6100 33 92 -91.1600 112.0900 34 69 -83.5700 49.1900 36 58 -84.6400 -37.7300 37 64 -78.6700 -67.4500
-9.3619805628e-01 -1.6686038316e-01 -7.0302639074e+00
112 120 125
4 32 94 -111.1000 -76.4200 33 132 -86.3600 66.4300 34 123 -79.6200 5.7900 35 121 -75.6900 -32.1800
-9.3655774072e-01 -1.6682408831e-01 -7.0314867102e+00
112 120 125
7 32 95 -111.1000 -76.4200 33 133 -86.3600 66.4300 34 124 -79.6200 5.7900 35 122 -75.6900 -32.1800 36 84 -81.4100 -80.9700 87 73 -93.4300 -12.6600 37 85 -75.9100 -111.0000
-9.3513756975e-01 -1.6295290915e-01 -7.0316653163e+00
91 100 103
7 32 114 -101.1700 -36.7600 33 163 -76.6900 105.6600 34 127 -69.4200 43.6400 35 125 -65.3300 5.3200 36 101 -70.6300 -42.8100 87 93 -76.6000 36.0800 37 102 -64.9200 -72.5900
-1.0630171317e+00 -1.7844796097e-01 -7.3126712191e+00
166 168 164
6 32 129 -166.9300 -96.1200 31 125 -185.6200 -26.1500 35 137 -140.9500 -75.0800 36 128 -148.4800 -122.7400 86 219 -168.8300 32.7000 87 116 -178.8900 -48.7900
-1.0809327418e+00 -2.2164131636e-02 -7.3552920080e+00
49 50 50
4 32 130 -182.5600 105.5600 31 108 -192.5500 185.8600 34 151 -161.2900 172.4600 87 106 -188.0300 156.8900
-1.0634546779e+00 -2.7685627425e-02 -7.3195530550e+00
95 94 90
7 32 151 -180.9500 117.2700 31 150 -190.0900 197.7400 34 152 -158.9400 184.7000 35 162 -151.9300 133.6100 36 135 -154.1800 85.4200 87 140 -185.4500 170.2300 37 139 -147.2200 55.5100
-1.0634546779e+00 -2.7685627425e-02 -7.3195530550e+00
95 94 90
7 32 152 -180.9500 117.2700 31 151 -190.0900 197.7400 34 153 -158.9400 184.7000 35 163 -151.9300 133.6100 36 136 -154.1800 85.4200 87 141 -185.4500 170.2300 37 140 -147.2200 55.5100
-9.2574694904e-01 -1.5605157504e-01 -7.0452465166e+00
33 35 51
7 27 51 20.7400 15.4300 29 49 -14.9600 127.3400 23 45 56.8000 74.0100 24 41 50.5500 49.4200 25 47 62.2500 14.4900 26 42 57.6800 -24.1000 84 29 78.2900 88.9200
-9.3622776709e-01 -1.6620909995e-01 -7.0346501191e+00
48 54 60
4 27 62 -77.4100 -72.5100 29 61 -121.3300 32.5800 86 32 -74.8200 -29.4500 85 26 -91.2800 -2.6200
-9.3700637257e-01 -1.6164378960e-01 -7.0329378019e+00
152 160 163
3 27 86 -86.2300 -37.0500 29 91 -135.3200 74.2500 85 39 -94.9500 44.3800
-9.2942509515e-01 -1.5473075213e-01 -7.0451378551e+00
92 88 105
6 27 92 -5.1600 28.2300 29 98 -43.5900 141.8800 23 82 30.4100 91.9300 24 82 24.7600 67.2900 25 86 36.8600 32.0000 26 77 32.3900 -6.2800
-9.2509624137e-01 -1.6246132811e-01 -7.0377373264e+00
98 91 109
10 27 109 18.6500 -44.1900 29 113 -15.2600 65.6700 86 68 49.9300 10.3800 87 61 44.2400 38.6600 23 119 40.4600 1.2000 24 115 35.5900 -22.4600 25 130 47.1400 -55.1700 26 125 42.6000 -94.8500 84 68 60.4100 2.8000 85 49 34.9500 17.1100
-9.2946096756e-01 -1.5714537339e-01 -7.0394595492e+00
80 82 108
8 27 113 -12.2000 5.5300 29 117 -51.3100 118.8200 30 76 -41.9900 67.8200 86 97 5.7300 69.4600 23 130 19.3200 60.7600 24 95 13.5300 37.3600 25 106 25.8600 3.6100 26 132 21.2700 -35.0400
-9.2860304871e-01 -1.6212608444e-01 -7.0343317184e+00
98 94 111
6 27 143 -13.6200 -43.4900 31 82 -45.6800 -12.8200 33 138 -12.2000 115.1300 23 166 8.1100 2.3800 25 176 15.2100 -52.9500 26 158 10.1800 -92.2400
-9.3608070793e-01 -1.6417711111e-01 -7.0334485797e+00
154 159 163
3 27 174 -79.9800 -59.4100 29 145 -122.1900 50.5400 85 79 -88.9600 15.0300
-9.2470584668e-01 -1.5738794076e-01 -7.0443545468e+00
62 66 69
7 27 195 27.8800 4.0500 29 196 -6.3800 115.1900 23 184 60.3200 59.1200 24 230 55.1100 34.7300 25 198 66.0700 0.2700 26 236 61.8500 -38.4100 84 146 83.2100 70.5400
-9.4040610333e-01 -1.5387818099e-01 -7.0380682495e+00
138 144 148
2 27 206 -98.6600 37.8300 29 202 -153.7400 156.1400
-1.0246690351e+00 -1.6028415946e-01 -7.2256048874e+00
55 57 54
3 27 238 -144.9200 72.9500 86 166 -166.8500 60.6700 87 117 -177.3800 -19.6700
-9.3596391021e-01 -1.6007536491e-01 -7.0320922283e+00
43 51 54
2 29 47 -127.1300 88.3300 86 20 -77.1500 38.6800
-9.2446118880e-01 -1.7008967430e-01 -7.0458464376e+00
81 89 110
6 29 83 -8.8300 14.8300 30 59 2.3000 -34.1700 31 51 -2.1600 -71.5100 33 90 34.1200 47.8900 35 68 42.4400 -52.0600 36 55 38.3700 -100.0200
-9.1908325369e-01 -1.6311926541e-01 -7.0436773554e+00
93 90 109
5 29 189 37.9200 64.0100 30 125 46.7300 17.9300 24 211 83.8500 -23.4800 25 242 94.9000 -57.4700 26 218 91.2200 -97.5400
-9.3399675572e-01 -1.6907147030e-01 -7.0375861354e+00
72 78 100
2 31 63 -86.8900 -73.7800 86 80 -45.2700 -54.9700
-9.2165833576e-01 -1.5458691334e-01 -7.0501427667e+00
68 65 82
5 33 22 49.9300 168.5500 34 27 51.8600 101.3700 35 34 54.1700 60.2600 36 28 48.2900 13.1300 87 31 66.4600 94.9400
-9.3559939763e-01 -1.6433392501e-01 -7.0314594062e+00
107 114 120
6 33 160 -80.1600 91.3800 34 125 -73.0900 30.1600 35 123 -68.9600 -8.0100 36 99 -74.3600 -56.2100 87 91 -82.4600 19.1000 37 100 -68.7200 -86.0600
-9.3559939763e-01 -1.6433392501e-01 -7.0314594062e+00
107 114 120
6 33 162 -80.1600 91.3800 34 126 -73.0900 30.1600 35 124 -68.9600 -8.0100 36 100 -74.3600 -56.2100 87 92 -82.4600 19.1000 37 101 -68.7200 -86.0600
-9.3795383259e-01 -1.6170842129e-01 -7.0367797762e+00
154 159 163
2 35 72 -79.3500 10.1900 87 37 -96.0400 40.4800
-1.3837663031e+00 -3.2880218693e-01 -7.8139782200e+00
77 77 77
5 28 109 -235.3300 -74.0400 29 187 -242.9000 52.5200 30 117 -230.9600 -35.7300 84 202 -247.5000 208.1200 85 139 -271.3400 90.0700
-9.0534169861e-01 -1.6735881507e-01 -7.0394840361e+00
132 132 132
4 27 4 179.2600 -94.3100 23 5 186.1300 -82.0900 24 3 183.7800 -103.3700 25 7 194.9600 -135.7100
-9.4062695174e-01 -1.5261792046e-01 -7.0445959224e+00
66 73 76
7 27 37 -88.1800 51.6300 23 30 -53.3200 134.5000 24 18 -58.3600 108.2600 25 32 -42.9800 71.7400 26 25 -47.3900 34.1700 84 19 -55.4600 179.6900 85 13 -91.3300 159.3700
-9.3728490668e-01 -1.6199219900e-01 -7.0343937685e+00
152 160 163
2 27 87 -86.2300 -37.0500 85 40 -94.9500 44.3800
-9.3745908869e-01 -1.6639489399e-01 -7.0343018925e+00
106 113 119
2 27 137 -88.5800 -74.4500 85 76 -105.5900 -1.6400
-9.3745908869e-01 -1.6639489399e-01 -7.0343018925e+00
106 113 119
2 27 138 -88.5800 -74.4500 85 77 -105.5900 -1.6400
-9.3845090507e-01 -1.6782989454e-01 -7.0355453932e+00
131 135 138
2 27 169 -94.0100 -81.1700 85 74 -115.1200 -10.5500
-9.3845090507e-01 -1.6782989454e-01 -7.0355453932e+00
131 135 138
2 27 170 -94.0100 -81.1700 85 75 -115.1200 -10.5500
-9.3728887829e-01 -1.6054776310e-01 -7.0360842219e+00
94 101 107
2 27 180 -81.8700 -21.9500 85 110 -88.2900 63.1200
-9.2703549943e-01 -1.5767774631e-01 -7.0394096676e+00
69 69 70
4 27 192 7.1400 -2.3600 23 180 37.8800 50.8200 25 196 44.3000 -6.8200 26 177 39.5500 -45.3800
-9.4157778727e-01 -1.5350290007e-01 -7.0414799264e+00
135 139 142
6 27 237 -100.1100 44.2500 23 199 -71.0600 124.8800 24 193 -76.0300 99.9300 25 216 -59.4200 63.8900 26 194 -63.9500 26.5500 84 161 -75.1200 171.2600
-1.1445964987e+00 -2.2044349581e-01 -7.3755932936e+00
52 53 56
4 27 295 -209.3200 20.8800 29 295 -251.1400 68.7000 84 282 -248.7300 226.1400 85 175 -274.9300 107.3400
-9.2546592758e-01 -1.5736090273e-01 -7.0443153469e+00
66 67 72
5 29 197 -13.0600 116.4400 23 185 54.7900 60.1900 24 181 49.0000 36.0400 25 200 60.6100 1.4800 26 181 56.3600 -37.1300
-9.3853666562e-01 -1.5554795258e-01 -7.0364976769e+00
84 87 92
2 29 201 -139.7500 139.2800 85 120 -91.6000 123.1500
-9.3801191685e-01 -1.6665867485e-01 -7.0380107783e+00
48 55 61
2 31 9 -120.9800 -52.7700 85 5 -101.6100 6.4600
-9.1203597807e-01 -1.4825762421e-01 -7.0461296829e+00
179 179 179
4 23 4 193.5500 102.8300 24 5 180.4500 80.6200 25 4 191.2400 46.8100 26 0 184.8900 7.2000
-9.1058981209e-01 -1.6129706030e-01 -7.0257764576e+00
132 132 132
3 23 6 186.1300 -82.0900 24 4 183.7800 -103.3700 25 8 194.9600 -135.7100
-9.2087394319e-01 -1.6168238666e-01 -7.0274371331e+00
163 165 162
2 23 7 75.2800 -41.6700 25 13 82.7100 -97.1100
-9.3003903128e-01 -1.6670166696e-01 -7.0309716151e+00
177 179 178
4 23 8 -20.0300 -40.7200 24 7 -25.6200 -66.0600 25 11 -14.0700 -98.8800 26 5 -18.8700 -138.9900
-9.1779292535e-01 -1.6956697004e-01 -7.0496360976e+00
163 164 166
4 23 18 82.1900 -27.9100 24 20 79.2600 -52.5300 25 24 90.6500 -87.5300 26 18 87.3300 -128.7000
-9.3941908205e-01 -1.6690728922e-01 -7.0371894220e+00
67 78 82
4 23 24 -83.9200 4.8600 25 27 -74.7100 -53.4800 26 11 -81.6000 -92.0600 84 17 -102.7400 7.2900
-9.4592766125e-01 -1.5401613349e-01 -7.0511556163e+00
179 183 184
4 23 31 -79.3300 143.6200 24 26 -85.7100 116.2100 25 33 -67.8400 79.3000 84 13 -94.5000 184.2200
-9.4534258864e-01 -1.5773627461e-01 -7.0503564025e+00
77 84 90
5 23 50 -84.2100 116.7200 25 51 -72.8800 52.5400 26 46 -77.3900 14.4200 84 18 -97.9000 142.8800 85 16 -126.2400 118.1700
-9.2717262859e-01 -1.5407514029e-01 -7.0432469735e+00
99 95 110
4 23 81 48.5500 89.2300 24 81 42.6700 64.4300 25 85 54.0600 28.9900 26 76 49.5800 -9.3300
-9.3353426099e-01 -1.6026130474e-01 -7.0211004280e+00
59 65 67
4 23 92 -67.2700 -11.9700 24 68 -72.3400 -36.3400 25 76 -58.3500 -67.6700 26 64 -64.5200 -106.9900
-9.3462127873e-01 -1.5210612333e-01 -7.0226625232e+00
40 46 51
4 23 100 -54.4000 90.8300 24 99 -60.1400 67.4000 25 138 -44.9900 33.6300 26 101 -49.5900 -4.0600
-9.4200908071e-01 -1.5354230876e-01 -7.0398153276e+00
79 85 88
4 23 105 -78.1800 127.6100 24 101 -83.9800 100.0400 25 146 -65.9200 65.2200 84 46 -85.1200 165.8000
-9.4328005462e-01 -1.5353192742e-01 -7.0410362479e+00
181 183 185
3 23 106 -84.9200 131.6000 24 102 -90.7500 104.5800 25 147 -74.0400 67.0400
-9.3215772679e-01 -1.5963096792e-01 -7.0204631725e+00
128 133 136
2 23 116 -52.0200 -13.4600 26 92 -48.7600 -108.0700
-9.3373653377e-01 -1.5828023549e-01 -7.0191806350e+00
65 73 78
4 23 121 -71.4600 1.6800 24 117 -76.9300 -21.9100 25 101 -62.7700 -52.6800 26 93 -69.3200 -91.7100
-9.3507069871e-01 -1.5159880571e-01 -7.0236978099e+00
41 45 49
3 23 134 -55.2300 101.1100 24 127 -60.6500 77.4900 25 215 -45.2900 43.0800
-9.3613059634e-01 -1.4970296051e-01 -7.0343223866e+00
70 68 82
4 23 135 -33.0700 142.2100 24 104 -37.1300 115.1800 25 220 -23.9400 79.3000 26 196 -28.3500 41.2900
-9.3709623022e-01 -1.4929989853e-01 -7.0290327327e+00
85 86 89
4 23 136 -55.7400 144.2900 24 196 -61.4200 118.5900 25 221 -44.6800 81.3500 26 197 -49.0800 43.5500
-9.3580833171e-01 -1.6330036655e-01 -7.0259917522e+00
87 88 90
4 23 158 -81.3700 -13.1000 24 210 -86.0900 -39.1500 25 167 -71.9400 -70.8400 26 217 -78.6200 -110.3600
-9.3177198208e-01 -1.5859843244e-01 -7.0195078971e+00
56 61 65
4 23 161 -47.4200 -8.2600 24 113 -52.8600 -31.4600 25 168 -39.3300 -62.3400 26 124 -45.2800 -101.5500
-9.3295985257e-01 -1.5631180359e-01 -7.0185483750e+00
142 147 150
2 23 169 -59.5900 19.0300 24 158 -65.2400 -3.2100
-9.2539557918e-01 -1.5826110035e-01 -7.0404078376e+00
22 20 21
4 23 174 51.1100 44.3200 24 169 45.3400 20.4000 25 191 56.8400 -13.5300 26 172 52.1700 -52.2100
-9.2539557918e-01 -1.5826110035e-01 -7.0404078376e+00
22 20 21
4 23 175 51.1100 44.3200 24 170 45.3400 20.4000 25 192 56.8400 -13.5300 26 173 52.1700 -52.2100
-9.2698175138e-01 -1.5700963860e-01 -7.0369690828e+00
66 66 68
4 23 181 37.8800 50.8200 24 177 32.4900 27.0800 25 197 44.3000 -6.8200 26 178 39.5500 -45.3800
-9.3379026784e-01 -1.5395034006e-01 -7.0195854883e+00
132 137 141
4 23 183 -59.7100 55.4900 24 180 -65.4000 32.9200 25 199 -50.5600 0.8800 26 182 -55.9000 -37.1900
-9.2433735085e-01 -1.5661333585e-01 -7.0435740136e+00
30 28 39
4 23 189 65.1400 62.0100 24 184 59.5400 37.6500 25 202 70.7200 3.2100 26 183 66.2100 -35.3800
-9.2896848590e-01 -1.5711896588e-01 -7.0423822295e+00
22 22 32
5 23 191 25.8500 65.9300 24 188 20.2600 41.8600 25 208 32.4900 7.8500 26 187 27.7500 -30.7700 84 108 43.4100 85.1900
-9.3723327406e-01 -1.5061757089e-01 -7.0257744975e+00
128 138 140
4 23 200 -71.0600 124.8800 24 192 -76.0300 99.9300 25 217 -59.4200 63.8900 26 193 -63.9500 26.5500
-9.4236344243e-01 -1.6577193727e-01 -7.0123495813e+00
32 34 33
3 23 213 -226.4600 -78.8000 24 204 -235.7000 -120.4400 84 168 -296.7800 -155.3800
-9.4236344243e-01 -1.6577193727e-01 -7.0123495813e+00
32 34 33
3 23 214 -226.4600 -78.8000 24 205 -235.7000 -120.4400 84 169 -296.7800 -155.3800
-9.3396588676e-01 -1.5555460045e-01 -7.0203954830e+00
59 67 70
4 23 226 -63.0700 39.4900 24 221 -68.7600 16.3800 25 256 -54.0300 -15.4600 26 229 -59.5600 -53.6400
-9.3455247226e-01 -1.5310576751e-01 -7.0216207450e+00
119 124 129
4 23 239 -59.7400 75.4000 24 231 -65.3500 52.4800 25 264 -50.1500 19.1000 26 238 -55.2500 -18.6200
-9.3468191713e-01 -1.5248333300e-01 -7.0216042992e+00
135 142 145
4 23 241 -59.8900 83.6200 24 232 -65.3600 60.5400 25 266 -50.0500 27.0800 26 240 -55.0700 -10.6500
-9.3573236000e-01 -1.5143820346e-01 -7.0242709797e+00
150 155 159
4 23 243 -60.7000 106.7700 24 236 -66.0400 82.6500 25 270 -50.2500 47.9500 26 244 -55.0300 10.3200
-9.3640846202e-01 -1.5110671305e-01 -7.0237818999e+00
108 113 118
4 23 244 -69.6100 112.4000 24 238 -74.9200 88.2000 25 272 -58.4600 53.1800 26 246 -63.2200 15.5400
-9.3282629974e-01 -1.5656311768e-01 -7.0192485222e+00
49 57 60
2 23 277 -55.9200 18.4500 24 320 -61.8500 -3.9300
-9.3373868800e-01 -1.5453139137e-01 -7.0189196848e+00
52 60 63
3 23 281 -62.8200 45.5100 25 308 -53.9900 -8.8500 26 235 -59.3700 -46.9300
-9.3660803446e-01 -1.6638355032e-01 -7.0417597139e+00
38 46 49
4 24 71 -59.0300 -15.3700 25 79 -44.9200 -46.2200 26 67 -50.9800 -84.8400 84 26 -56.0400 25.9700
-9.4393153561e-01 -1.6770983541e-01 -7.0147044388e+00
15 17 15
3 24 142 -236.4500 -106.4300 25 163 -229.8900 -149.5000 84 171 -294.9600 -141.5400
-9.2551941319e-01 -1.5747527547e-01 -7.0421643716e+00
21 22 24
3 24 179 47.5100 30.8500 26 180 53.8900 -42.0000 84 102 75.1700 67.1300
-9.4401866666e-01 -1.6859089902e-01 -7.0147420950e+00
5 7 4
3 24 206 -238.2700 -116.5100 26 213 -241.8800 -200.6800 84 170 -298.4400 -151.7600
-9.3230329916e-01 -1.5355159993e-01 -7.0143102692e+00
136 143 148
3 24 220 -64.6100 10.7600 25 259 -50.3500 -12.3600 26 226 -55.7400 -60.1000
-9.4143664224e-01 -1.5880674016e-01 -7.0459690870e+00
99 108 113
4 24 233 -73.9000 60.2800 25 265 -58.2400 26.6300 26 239 -63.2700 -10.9000 84 154 -74.0100 123.3200
-9.3848788692e-01 -1.5354518623e-01 -7.0075829971e+00
108 110 107
3 24 277 -206.8900 17.4900 25 306 -194.3100 -24.5600 84 220 -254.5300 -11.1600
-9.4369846156e-01 -1.6800357580e-01 -7.0136423119e+00
30 32 29
2 24 302 -243.7300 -124.6600 84 209 -305.7800 -159.9100
-9.3665912352e-01 -1.4955529985e-01 -7.0036342536e+00
3 5 2
3 25 213 -198.4800 31.6200 26 189 -201.5900 -4.4500 84 143 -257.4400 47.6800
-9.3844354643e-01 -1.6851755025e-01 -7.0362118579e+00
72 76 79
2 25 241 -71.8000 -70.9100 84 82 -98.0600 -14.2200
-9.3643670388e-01 -1.4963725465e-01 -7.0038091707e+00
49 51 48
2 26 241 -189.7700 -8.2600 84 186 -244.7200 43.2200
-9.3643670388e-01 -1.4963725465e-01 -7.0038091707e+00
49 51 48
2 26 242 -189.7700 -8.2600 84 187 -244.7200 43.2200
-9.1828578479e-01 -1.7076106483e-01 -7.0445374490e+00
165 167 166
2 84 4 87.5600 -57.1400 85 7 71.7400 -54.7000
-9.7868049320e-01 -2.5840299251e-01 -7.1306484631e+00
174 173 174
2 84 123 -192.4900 -73.4100 85 61 -200.3900 -161.6300
-1.0422938353e+00 -2.9572800579e-01 -7.2586961111e+00
35 34 32
2 84 138 -206.0200 31.8200 85 101 -221.0600 -73.0600
-1.0422938353e+00 -2.9572800579e-01 -7.2586961111e+00
35 34 32
