# Bundle file v0.3
101 196
0 0 0
0 0 0
0 0 0
0 0 0
0 0 0
0 0 0
0 0 0
0 0 0
0 0 0
0 0 0
0 0 0
0 0 0
0 0 0
0 0 0
0 0 0
0 0 0
0 0 0
0 0 0
0 0 0
0 0 0
0 0 0
0 0 0
0 0 0
0 0 0
0 0 0
0 0 0
0 0 0
0 0 0
0 0 0
0 0 0
0 0 0
0 0 0
0 0 0
0 0 0
0 0 0
0 0 0
0 0 0
0 0 0
0 0 0
0 0 0
0 0 0
0 0 0
0 0 0
0 0 0
0 0 0
0 0 0
0 0 0
0 0 0
0 0 0
0 0 0
0 0 0
0 0 0
0 0 0
0 0 0
0 0 0
0 0 0
0 0 0
0 0 0
0 0 0
0 0 0
0 0 0
0 0 0
0 0 0
0 0 0
0 0 0
0 0 0
0 0 0
0 0 0
0 0 0
0 0 0
0 0 0
0 0 0
0 0 0
0 0 0
0 0 0
0 0 0
0 0 0
0 0 0
0 0 0
0 0 0
0 0 0
0 0 0
0 0 0
0 0 0
0 0 0
0 0 0
0 0 0
0 0 0
0 0 0
0 0 0
0 0 0
0 0 0
0 0 0
0 0 0
0 0 0
5.3200000000e+02 0.0000000000e+00 0.0000000000e+00
-8.9255984316e-01 -4.2341974185e-01 1.5508916336e-01
4.4426569714e-01 -7.6681705990e-01 4.6327053327e-01
-7.7232873336e-02 4.8239746979e-01 8.7254098151e-01
1.9210502070e-01 3.5526600210e+00 6.2075997460e+00
5.3200000000e+02 0.0000000000e+00 0.0000000000e+00
8.8823538781e-01 2.7305940968e-01 -3.6942719802e-01
-4.4291537765e-01 7.2245211090e-01 -5.3093211967e-01
1.2191744786e-01 6.3521768414e-01 7.6264974245e-01
-1.7280018175e+00 -4.0359498463e+00 5.5250890504e+00
5.3200000000e+02 0.0000000000e+00 0.0000000000e+00
9.3099199253e-01 3.4653570743e-01 -1.1474717130e-01
-3.5696675908e-01 9.2999713443e-01 -8.7635967859e-02
7.6345548373e-02 1.2254931019e-01 9.8952161362e-01
1.1322899980e-01 -8.0110303076e-01 7.0082674931e+00
5.3200000000e+02 0.0000000000e+00 0.0000000000e+00
9.2239185822e-01 3.3676603829e-01 -1.8916103020e-01
-3.8488506698e-01 8.4257237584e-01 -3.7674298492e-01
3.2507616150e-02 4.2030991771e-01 9.0679811864e-01
-4.2036204718e-01 -2.8725766775e+00 6.4269058684e+00
5.3200000000e+02 0.0000000000e+00 0.0000000000e+00
9.5098954159e-01 2.4912649966e-01 -1.8317990871e-01
-3.0148383826e-01 8.7869602116e-01 -3.7013618800e-01
6.8748724026e-02 4.0722142572e-01 9.1073833969e-01
-3.6418911362e-01 -2.7392708257e+00 6.4874650854e+00
5.3200000000e+02 0.0000000000e+00 0.0000000000e+00
9.5397410863e-01 2.4628620215e-01 -1.7110378922e-01
-2.9217349707e-01 8.9189116452e-01 -3.4520254671e-01
6.7587333618e-02 3.7930628426e-01 9.2279937964e-01
-2.7741892293e-01 -2.5556465399e+00 6.5669587269e+00
5.3200000000e+02 0.0000000000e+00 0.0000000000e+00
9.4883854715e-01 2.4833571027e-01 -1.9502509183e-01
-2.9798992325e-01 9.0851294241e-01 -2.9292702011e-01
1.0443858043e-01 3.3605596033e-01 9.3603363959e-01
-4.4901096528e-01 -2.1940030799e+00 6.6877901804e+00
5.3200000000e+02 0.0000000000e+00 0.0000000000e+00
9.5073986826e-01 2.4985165994e-01 -1.8348801303e-01
-2.8693994089e-01 9.3329627583e-01 -2.1592482918e-01
1.1729950223e-01 2.5793838326e-01 9.5901439886e-01
-3.6628421453e-01 -1.6417524275e+00 6.8493182909e+00
5.3200000000e+02 0.0000000000e+00 0.0000000000e+00
9.8903108816e-01 6.4718009819e-02 -1.3277456779e-01
-9.4346496113e-02 9.6842994380e-01 -2.3074267621e-01
1.1364966043e-01 2.4073849538e-01 9.6391323859e-01
-6.1580172894e-03 -1.5572120523e+00 6.8733735087e+00
5.3200000000e+02 0.0000000000e+00 0.0000000000e+00
9.9750351816e-01 -7.7236809579e-03 -7.0193133700e-02
3.7260141986e-05 9.9405803356e-01 -1.0885138730e-01
7.0616781843e-02 1.0857702638e-01 9.9157667352e-01
4.2608659759e-01 -6.0367971378e-01 7.0095518974e+00
5.3200000000e+02 0.0000000000e+00 0.0000000000e+00
9.9647012509e-01 4.8278261759e-02 -6.8676773625e-02
-6.8202815482e-02 9.4256265665e-01 -3.2699237642e-01
4.8945538657e-02 3.3052208356e-01 9.4252824176e-01
4.4540604961e-01 -2.2032819397e+00 6.6823904328e+00
5.3200000000e+02 0.0000000000e+00 0.0000000000e+00
9.9732330224e-01 3.2909027752e-03 -7.3043827711e-02
-1.6563939074e-02 9.8318418442e-01 -1.8186394759e-01
7.1217039604e-02 1.8258704628e-01 9.8060700783e-01
4.0925513060e-01 -1.1319733704e+00 6.9462872727e+00
5.3200000000e+02 0.0000000000e+00 0.0000000000e+00
9.9830902248e-01 -1.3026318155e-02 -5.6651660808e-02
9.3267506484e-03 9.9783616070e-01 -6.5084622775e-02
5.7376888722e-02 6.4446190226e-02 9.9627033540e-01
5.2240060388e-01 -2.8721207846e-01 7.0241305865e+00
5.3200000000e+02 0.0000000000e+00 0.0000000000e+00
9.9088724877e-01 -1.0196060750e-01 -8.8014173565e-02
1.0680409225e-01 9.9290959288e-01 5.2186456584e-02
8.2069154425e-02 -6.1111168301e-02 9.9475126489e-01
2.8134314287e-01 6.2655918624e-01 7.0155511741e+00
5.3200000000e+02 0.0000000000e+00 0.0000000000e+00
9.8994779013e-01 -6.6055982355e-02 -1.2505990569e-01
4.1677078059e-02 9.8121431985e-01 -1.8836528259e-01
1.3515322408e-01 1.8125966378e-01 9.7410396791e-01
2.8120908019e-02 -1.1144111824e+00 6.9591799459e+00
5.3200000000e+02 0.0000000000e+00 0.0000000000e+00
9.8887341499e-01 -7.5488682707e-02 -1.2818279101e-01
6.8677323445e-02 9.9602311614e-01 -5.6757179009e-02
1.3195754761e-01 4.7322414434e-02 9.9012514094e-01
4.1800479565e-03 -1.6693154578e-01 7.0461123584e+00
5.3200000000e+02 0.0000000000e+00 0.0000000000e+00
9.8768078364e-01 -8.1179164898e-02 -1.3377822251e-01
8.6221113792e-02 9.9575141209e-01 3.2327153673e-02
1.3058556264e-01 -4.3463415819e-02 9.9048389301e-01
-3.6861114771e-02 4.7222425029e-01 7.0323603572e+00
5.3200000000e+02 0.0000000000e+00 0.0000000000e+00
9.8884046982e-01 -8.3398613128e-02 -1.2344714081e-01
9.8391998470e-02 9.8778714502e-01 1.2081213008e-01
1.1186393468e-01 -1.3161013435e-01 9.8496966078e-01
3.6035324768e-02 1.0999341124e+00 6.9622159780e+00
5.3200000000e+02 0.0000000000e+00 0.0000000000e+00
9.8797445517e-01 -8.0835523084e-02 -1.3180324021e-01
1.0372249198e-01 9.7868403212e-01 1.7725464715e-01
1.1466525446e-01 -1.8879402397e-01 9.7529928531e-01
-2.2569943106e-02 1.4974868304e+00 6.8874428401e+00
5.3200000000e+02 0.0000000000e+00 0.0000000000e+00
9.8631995690e-01 -1.2440108469e-01 -1.0815411577e-01
1.4312459758e-01 9.7178807810e-01 1.8746541238e-01
8.1781979659e-02 -2.0038039175e-01 9.7629883048e-01
1.3376991076e-01 1.6094966392e+00 6.8647979459e+00
5.3200000000e+02 0.0000000000e+00 0.0000000000e+00
9.7817405179e-01 -1.5607544104e-01 -1.3717135670e-01
1.7687450213e-01 9.7187405062e-01 1.5548710629e-01
1.0904556338e-01 -1.7635556819e-01 9.7826774386e-01
-8.2383938358e-02 1.4195002556e+00 6.9071105113e+00
0 0 0
0 0 0
0 0 0
0 0 0
0 0 0
0 0 0
0 0 0
0 0 0
0 0 0
0 0 0
0 0 0
0 0 0
0 0 0
0 0 0
0 0 0
0 0 0
0 0 0
0 0 0
0 0 0
0 0 0
0 0 0
0 0 0
0 0 0
0 0 0
0 0 0
0 0 0
0 0 0
0 0 0
0 0 0
0 0 0
0 0 0
0 0 0
0 0 0
0 0 0
0 0 0
0 0 0
0 0 0
0 0 0
0 0 0
0 0 0
0 0 0
0 0 0
0 0 0
0 0 0
0 0 0
0 0 0
0 0 0
0 0 0
0 0 0
0 0 0
0 0 0
0 0 0
0 0 0
0 0 0
0 0 0
0 0 0
0 0 0
0 0 0
0 0 0
0 0 0
0 0 0
0 0 0
0 0 0
0 0 0
0 0 0
0 0 0
0 0 0
0 0 0
0 0 0
0 0 0
0 0 0
0 0 0
0 0 0
0 0 0
0 0 0
0 0 0
0 0 0
0 0 0
0 0 0
0 0 0
0 0 0
0 0 0
0 0 0
0 0 0
0 0 0
0 0 0
0 0 0
0 0 0
0 0 0
0 0 0
0 0 0
0 0 0
0 0 0
0 0 0
0 0 0
0 0 0
0 0 0
0 0 0
0 0 0
0 0 0
0 0 0
0 0 0
0 0 0
0 0 0
0 0 0
0 0 0
0 0 0
0 0 0
0 0 0
0 0 0
0 0 0
0 0 0
0 0 0
0 0 0
0 0 0
0 0 0
0 0 0
0 0 0
0 0 0
0 0 0
0 0 0
0 0 0
0 0 0
0 0 0
0 0 0
0 0 0
0 0 0
0 0 0
0 0 0
0 0 0
0 0 0
0 0 0
0 0 0
0 0 0
0 0 0
0 0 0
0 0 0
0 0 0
0 0 0
0 0 0
0 0 0
0 0 0
0 0 0
0 0 0
0 0 0
0 0 0
0 0 0
0 0 0
0 0 0
0 0 0
0 0 0
0 0 0
0 0 0
0 0 0
0 0 0
0 0 0
0 0 0
0 0 0
0 0 0
0 0 0
0 0 0
0 0 0
0 0 0
0 0 0
0 0 0
0 0 0
0 0 0
0 0 0
0 0 0
0 0 0
0 0 0
0 0 0
0 0 0
0 0 0
0 0 0
0 0 0
0 0 0
0 0 0
0 0 0
0 0 0
0 0 0
0 0 0
0 0 0
0 0 0
0 0 0
0 0 0
0 0 0
0 0 0
0 0 0
0 0 0
0 0 0
0 0 0
0 0 0
0 0 0
0 0 0
0 0 0
0 0 0
0 0 0
0 0 0
0 0 0
0 0 0
0 0 0
0 0 0
0 0 0
0 0 0
0 0 0
0 0 0
0 0 0
0 0 0
0 0 0
0 0 0
0 0 0
0 0 0
0 0 0
0 0 0
0 0 0
0 0 0
0 0 0
0 0 0
0 0 0
5.3200000000e+02 0.0000000000e+00 0.0000000000e+00
9.3829679852e-01 3.2121440060e-01 -1.2814221295e-01
-3.4270620771e-01 8.1393462821e-01 -4.6910859746e-01
-4.6385052497e-02 4.8407822700e-01 8.7379442494e-01
2.3623913762e-02 -3.4853153109e+00 6.1434080297e+00
5.3200000000e+02 0.0000000000e+00 0.0000000000e+00
9.7463731072e-01 2.1776119921e-01 -5.1596246634e-02
-2.2278898585e-01 9.2235014615e-01 -3.1565055946e-01
-2.1146638735e-02 3.1913988786e-01 9.4747166271e-01
5.7742649021e-01 -2.2753077550e+00 6.6571068971e+00
5.3200000000e+02 0.0000000000e+00 0.0000000000e+00
9.9545812255e-01 2.8143329596e-02 -9.0945474039e-02
-4.3536039442e-02 9.8413675986e-01 -1.7198677615e-01
8.4662503617e-02 1.7516503904e-01 9.8089218041e-01
2.9036886417e-01 -1.0889030867e+00 6.9684291363e+00
5.3200000000e+02 0.0000000000e+00 0.0000000000e+00
9.9685196329e-01 -4.5015836446e-02 -6.5266666450e-02
4.4939108910e-02 9.9898622915e-01 -2.6439493044e-03
6.5319520596e-02 -2.9739977687e-04 9.9786435540e-01
4.6000631239e-01 1.8968764777e-01 7.0426993178e+00
5.3200000000e+02 0.0000000000e+00 0.0000000000e+00
9.9078897771e-01 -1.2167487758e-01 -5.9434214157e-02
1.2767561101e-01 9.8563065551e-01 1.1059452640e-01
4.5123607998e-02 -1.1716413736e-01 9.9208690391e-01
4.8257410732e-01 1.0603502057e+00 6.9652423943e+00
0 0 0
0 0 0
0 0 0
0 0 0
0 0 0
0 0 0
0 0 0
0 0 0
0 0 0
0 0 0
0 0 0
0 0 0
0 0 0
0 0 0
0 0 0
0 0 0
0 0 0
0 0 0
0 0 0
0 0 0
5.3200000000e+02 0.0000000000e+00 0.0000000000e+00
9.7471002615e-01 -2.0595461887e-01 -8.6735574523e-02
2.1513485973e-01 9.6981465026e-01 1.1478909477e-01
6.0476086607e-02 -1.3054592723e-01 9.8959608115e-01
2.6152180023e-01 1.1697119494e+00 6.9608669158e+00
0 0 0
0 0 0
0 0 0
0 0 0
0 0 0
0 0 0
0 0 0
0 0 0
0 0 0
0 0 0
0 0 0
0 0 0
0 0 0
0 0 0
0 0 0
0 0 0
0 0 0
0 0 0
0 0 0
0 0 0
0 0 0
0 0 0
0 0 0
0 0 0
0 0 0
0 0 0
0 0 0
0 0 0
0 0 0
0 0 0
0 0 0
0 0 0
0 0 0
0 0 0
0 0 0
-9.2871026089e-01 -1.5505964680e-01 -7.0435436246e+00
30 31 52
27 28 44 -50.2500 47.6900 32 66 -37.5100 21.3400 27 52 -5.0600 17.1200 29 50 -44.8700 130.7100 30 48 -36.7600 78.1300 31 43 -42.2100 39.6600 33 95 -12.1600 162.9000 34 74 -7.5800 96.4300 35 78 -4.5900 56.1100 36 63 -9.8100 8.4200 86 37 11.6900 81.1600 87 50 -1.0300 95.7000 23 46 31.0500 76.5900 24 42 25.0600 52.5000 25 48 37.1100 17.7100 26 43 32.6200 -20.7000 37 68 -4.3800 -21.3900 84 22 49.1500 97.0900 85 22 11.6000 98.0500 22 46 20.0800 40.8300 19 34 41.1100 6.4800 20 37 50.9800 -3.3500 21 48 24.6000 1.8900 38 81 -21.9700 19.5100 39 76 -16.1200 52.5100 88 69 -12.1600 79.0500 93 77 -21.2400 92.6500
-9.2779034258e-01 -1.5716850421e-01 -7.0415704311e+00
23 21 21
26 28 42 -43.8300 30.2500 32 65 -28.7500 6.7600 27 68 -1.1100 -2.5900 29 64 -38.8200 109.7500 30 47 -29.7200 59.4300 33 94 -3.3400 146.9800 34 73 1.3300 82.0900 35 77 4.2200 42.4500 36 62 -1.0200 -5.0800 86 50 20.5400 59.1600 87 49 10.7000 78.4900 23 76 29.1600 51.6300 24 53 23.7700 27.5800 25 83 35.9300 -5.7800 26 74 31.0400 -44.3500 37 67 4.2300 -34.8300 84 43 47.6100 67.7000 85 29 15.1300 72.9300 22 58 16.1100 15.6500 19 49 33.7300 -19.8300 20 73 43.2300 -29.2000 21 61 19.8500 -24.3200 38 69 -11.6200 7.4700 39 75 -5.5400 41.9000 88 67 2.4500 64.3200 93 63 -5.0900 79.8600
-9.2406521800e-01 -1.5730939611e-01 -7.0448967012e+00
26 27 30
21 28 41 -8.7000 28.4000 32 64 5.9800 5.7300 27 67 31.9000 -4.1300 29 63 -1.8300 106.7500 30 46 5.9300 57.1300 33 93 32.0900 143.9300 34 72 35.4000 79.3300 35 76 37.7900 39.9200 36 61 32.3400 -7.4900 86 49 60.3800 54.7700 23 75 63.0400 48.3300 24 76 57.7400 24.4600 25 82 68.7900 -9.5300 26 73 64.3900 -48.3500 37 66 37.4200 -37.0500 84 42 86.2100 56.9400 85 41 52.3600 64.1500 22 80 49.6800 13.5700 19 67 68.1400 -19.2900 20 74 77.2900 -27.4700 21 85 53.8500 -23.4700
-9.2501438724e-01 -1.6120678197e-01 -7.0390720478e+00
93 90 102
25 28 73 -20.6300 -7.4800 32 74 -2.0100 -25.3300 27 110 18.6500 -44.1900 29 114 -15.2600 65.6700 30 75 -5.6600 19.6400 31 55 -11.0200 -14.7600 33 110 22.9500 112.5100 34 88 27.4400 50.5600 35 90 30.2300 12.1700 36 73 25.1200 -35.4200 86 69 49.9300 10.3800 87 62 44.2400 38.6600 23 120 40.4600 1.2000 24 116 35.5900 -22.4600 25 131 47.1400 -55.1700 26 126 42.6000 -94.8500 37 80 30.3100 -65.1000 84 69 60.4100 2.8000 85 50 34.9500 17.1100 22 123 23.0100 -32.9400 21 162 26.1400 -72.3100 38 79 16.9600 -19.5700 39 73 23.2400 17.7700 88 66 39.3000 30.7000 93 62 34.9500 50.5900
-9.2358988560e-01 -1.6126374605e-01 -7.0405299925e+00
95 93 105
15 28 94 -6.5300 -7.3700 32 97 12.3600 -25.0900 27 140 31.7800 -43.5400 29 146 -0.7200 65.9800 30 96 8.6900 19.7300 31 79 3.2900 -14.8600 86 89 66.0400 10.2500 23 163 53.5600 1.7800 24 152 48.9100 -21.9900 25 173 60.2100 -55.0600 26 154 55.9100 -94.7800 84 84 75.9200 1.6100 85 106 50.0600 15.8100 22 157 36.0000 -32.4000 21 164 39.2300 -70.8100
-9.3657522202e-01 -1.5107007373e-01 -7.0457696116e+00
64 64 74
10 28 47 -112.6100 81.2400 32 49 -98.6800 44.8800 27 69 -64.6400 56.9400 30 36 -99.8200 113.0100 31 30 -103.0000 70.9600 86 40 -62.6900 124.7500 23 62 -28.7600 138.8800 25 62 -18.6300 74.9700 26 56 -23.0400 36.8800 85 23 -56.5900 159.3800
-9.2352385225e-01 -1.6123829858e-01 -7.0403395948e+00
95 93 105
22 28 95 -6.5300 -7.3700 32 98 12.3600 -25.0900 27 141 31.7800 -43.5400 29 147 -0.7200 65.9800 30 97 8.6900 19.7300 31 80 3.2900 -14.8600 33 136 37.4100 112.0400 34 104 41.5000 50.0400 35 107 44.1800 11.5300 36 87 39.0100 -35.9300 86 90 66.0400 10.2500 87 77 60.8800 37.1200 23 164 53.5600 1.7800 24 153 48.9100 -21.9900 25 174 60.2100 -55.0600 26 155 55.9100 -94.7800 37 88 44.2300 -65.3600 84 85 75.9200 1.6100 38 95 31.4300 -20.2100 39 84 37.6500 17.3900 88 81 56.2800 29.4600 93 74 52.6300 50.4900
-9.2839563721e-01 -1.6092246666e-01 -7.0365482617e+00
96 92 107
22 28 96 -55.4200 -6.0800 32 99 -36.9200 -24.6100 27 142 -13.6200 -43.4900 29 148 -51.6100 67.4800 30 98 -41.0800 21.1600 31 81 -45.6800 -12.8200 33 137 -12.2000 115.1300 34 105 -6.7800 53.0000 35 108 -3.6700 14.5700 36 88 -8.7600 -33.1900 86 91 9.5200 13.3700 87 78 2.9400 44.1300 23 165 8.1100 2.3800 24 154 3.0000 -20.8300 25 175 15.2100 -52.9500 26 157 10.1800 -92.2400 37 89 -3.3100 -62.8700 84 88 21.6800 9.8700 38 96 -18.6000 -17.0100 39 85 -11.8300 19.7100 88 82 -2.9600 35.3500 93 75 -9.0300 52.6000
-9.2935002412e-01 -1.6076025014e-01 -7.0358172791e+00
97 94 113
14 28 98 -65.8000 -5.1700 32 101 -47.3500 -23.9900 27 145 -23.3200 -42.7700 29 150 -62.4900 68.5800 30 100 -51.6900 22.1700 31 84 -56.0100 -11.8400 33 140 -22.6500 116.2900 86 93 -2.7100 14.8400 23 167 -1.6400 3.3800 24 155 -6.8000 -19.7100 25 177 5.6600 -51.5600 26 159 0.5000 -90.7400 84 90 9.8900 12.9000 85 81 -14.2000 26.4500
-9.1932979741e-01 -1.6172499578e-01 -7.0444309876e+00
90 89 105
11 28 117 30.9800 -8.9100 32 116 50.1000 -26.0100 27 176 66.9900 -44.1200 29 191 37.9200 64.0100 30 127 46.7300 17.9300 31 100 40.5400 -16.8700 33 165 75.8400 109.1400 86 123 108.6500 7.4200 24 212 83.8500 -23.4800 25 243 94.9000 -57.4700 26 219 91.2200 -97.5400
-9.3689714657e-01 -1.5375800705e-01 -7.0440702094e+00
55 58 65
12 28 5 -114.8600 60.5900 32 7 -100.8700 23.2700 27 5 -71.4700 32.7800 29 6 -119.2100 151.2300 30 6 -106.4900 91.9500 31 6 -109.9500 49.0200 33 6 -79.4800 169.1200 34 7 -72.8400 100.4600 35 9 -68.1300 57.5600 86 2 -72.3800 94.5900 87 6 -84.1400 103.6300 37 9 -67.4500 -18.4300
-9.3720551136e-01 -1.6527933304e-01 -7.0397894461e+00
50 56 63
18 28 8 -129.3500 -46.3300 32 9 -107.3900 -73.1900 27 13 -86.0600 -69.9300 29 9 -128.2700 32.5000 30 8 -116.4600 -16.4400 31 8 -120.9800 -52.7700 33 8 -82.7600 68.5000 34 10 -76.2600 6.8900 35 10 -72.0900 -32.4500 36 8 -77.9700 -81.0800 86 3 -84.4200 -27.6900 87 9 -89.7900 -13.6600 37 7 -72.6900 -111.4100 85 4 -101.6100 6.4600 38 12 -92.4000 -80.2300 39 14 -80.4000 -44.3900 88 14 -97.2500 -41.7100 93 13 -98.3800 -34.7500
-9.1476866681e-01 -1.6878513605e-01 -7.0501480630e+00
103 105 104
12 28 28 64.0300 -60.0400 32 34 89.5400 -82.3200 27 46 94.3900 -85.6700 29 41 67.3300 14.1300 30 34 78.4100 -33.7400 31 27 73.3400 -70.1700 33 42 110.1400 49.7300 34 37 114.6500 -10.7200 35 43 118.3200 -49.8500 36 36 114.8800 -97.6600 86 11 138.8500 -51.6900 37 38 121.1600 -128.1000
-9.3466876909e-01 -1.6046739226e-01 -7.0344603649e+00
39 48 51
18 28 39 -121.7300 -3.2600 32 46 -103.0100 -24.7100 27 66 -74.2300 -40.6600 29 46 -121.4700 72.1200 30 44 -108.6000 24.3100 31 41 -112.1200 -9.8400 33 46 -78.6900 118.2600 34 53 -71.0000 55.2100 35 56 -66.8900 16.4600 36 46 -72.1000 -31.3400 86 35 -69.6700 18.6600 87 38 -78.0200 50.3400 37 47 -66.1500 -61.1700 85 28 -77.9200 36.8900 38 42 -84.7300 -18.4000 39 37 -76.5900 16.5700 88 38 -85.3600 35.6400 93 34 -93.5600 46.2900
-9.3517567392e-01 -1.6733233512e-01 -7.0384575584e+00
76 83 93
17 28 89 -112.8000 -65.2000 32 92 -90.9000 -94.3200 27 136 -70.8200 -88.1800 29 108 -112.9500 12.5000 30 71 -100.3500 -37.4300 31 75 -104.9700 -74.3800 34 84 -61.1500 -13.9800 35 104 -57.3900 -52.9700 36 83 -63.1900 -101.5800 86 62 -66.6300 -54.6500 87 71 -71.7300 -39.1600 37 76 -57.9600 -131.8100 85 71 -87.9800 -24.2700 38 77 -72.9700 -92.9500 39 69 -62.0800 -56.8100 88 77 -73.5700 -57.5200 93 58 -72.2700 -48.9700
-9.2944307981e-01 -1.6071956179e-01 -7.0364335520e+00
97 94 113
19 28 97 -65.8000 -5.1700 32 100 -47.3500 -23.9900 27 144 -23.3200 -42.7700 29 149 -62.4900 68.5800 30 99 -51.6900 22.1700 31 83 -56.0100 -11.8400 33 139 -22.6500 116.2900 34 106 -17.0400 53.9600 35 109 -13.6600 15.5800 36 89 -18.8000 -32.3200 86 92 -2.7100 14.8400 87 79 -9.5300 46.1700 37 90 -13.2800 -61.8500 84 89 9.8900 12.9000 85 80 -14.2000 26.4500 38 105 -29.0900 -15.8700 39 97 -22.2400 20.6500 88 92 -15.6400 37.1300 93 84 -22.2600 53.4600
-9.1928795608e-01 -1.6167121327e-01 -7.0433879252e+00
90 89 105
8 28 116 30.9800 -8.9100 32 115 50.1000 -26.0100 27 175 66.9900 -44.1200 29 190 37.9200 64.0100 30 126 46.7300 17.9300 31 99 40.5400 -16.8700 33 164 75.8400 109.1400 86 122 108.6500 7.4200
-9.3885367871e-01 -1.5217415684e-01 -7.0423091179e+00
66 68 73
13 28 18 -138.2000 74.4100 32 29 -124.6700 38.5900 29 14 -141.4900 167.0800 30 21 -128.0100 106.1600 31 13 -130.3600 62.9700 33 23 -103.2500 184.6500 34 20 -94.5900 114.7100 35 24 -89.6100 72.5500 36 24 -93.9200 24.0500 87 14 -109.4700 124.1400 38 27 -108.9600 32.9300 39 28 -101.6600 62.5200 88 30 -120.3900 98.4600
-9.3174506482e-01 -1.6277831311e-01 -7.0345516923e+00
86 97 119
14 28 37 -91.3600 -26.9000 32 44 -71.2600 -46.2600 31 39 -81.5900 -33.6400 33 61 -46.7900 94.6600 34 51 -40.6600 33.2700 35 54 -36.9100 -4.8800 36 45 -42.0900 -52.8100 86 33 -33.8600 -11.4400 87 36 -39.8500 21.3200 37 46 -36.5300 -82.6200 38 53 -52.8900 -36.6800 39 51 -44.8300 0.0500 88 48 -44.9300 11.7600 93 33 -50.5200 25.8400
-9.2662906323e-01 -1.5210681502e-01 -7.0505126664e+00
76 73 87
6 28 45 -25.9100 69.6300 32 48 -15.0000 37.6000 33 64 10.8500 179.1000 35 79 16.3500 69.4900 36 64 11.1000 22.1200 86 51 36.6100 107.2700
-1.0626619343e+00 -4.6765073052e-02 -7.3192858307e+00
118 116 117
11 28 49 -186.4500 193.1100 32 103 -180.0400 92.1400 31 66 -190.1200 170.4400 34 89 -158.0600 157.6300 35 91 -151.4500 108.0800 36 74 -154.3400 60.7100 37 92 -148.2900 31.1500 38 82 -168.5800 26.8400 39 74 -159.4700 37.5700 88 94 -196.1300 72.2500 93 83 -195.1100 52.4400
-9.1802017278e-01 -1.6860283923e-01 -7.0495459550e+00
88 94 100
16 28 69 39.4800 -59.1700 32 43 64.9500 -82.8800 29 109 42.0100 15.9500 30 72 53.7200 -32.3400 31 53 48.4000 -69.2400 33 91 85.0800 49.3100 34 66 89.8100 -11.3900 35 69 93.4100 -50.6000 36 56 89.8100 -98.2900 86 81 107.5900 -51.3000 87 58 109.3700 -42.1800 37 61 95.7700 -128.9900 38 61 86.9000 -89.5400 39 57 95.1800 -51.4200 88 61 112.9300 -55.5400 93 60 119.4500 -34.2900
-9.3336377126e-01 -1.6743947178e-01 -7.0389401035e+00
70 76 97
10 28 90 -95.4000 -64.5300 32 71 -73.0000 -92.6900 30 91 -82.4100 -37.5800 33 107 -50.0200 47.5100 34 83 -44.2700 -13.4200 35 86 -40.6100 -52.4100 87 59 -49.5900 -39.2700 37 75 -40.5400 -131.3200 88 53 -50.9000 -56.6300 93 48 -49.3400 -46.6100
-9.3601291357e-01 -1.6406754234e-01 -7.0343224830e+00
88 93 97
11 28 92 -133.1400 -39.9200 32 96 -112.6000 -64.1000 30 94 -120.4700 -13.0700 31 78 -124.4400 -47.3500 33 134 -87.8900 78.4500 34 102 -80.9900 17.2800 35 105 -76.9900 -21.0500 36 85 -82.5700 -69.5800 86 87 -87.2800 -26.0800 87 74 -93.7800 2.2600 37 86 -76.9200 -99.4300
-9.3313670039e-01 -1.7294248693e-01 -7.0333755915e+00
176 176 176
4 28 0 -104.8200 -131.8900 29 0 -104.7100 -53.8200 24 1 -76.9100 -112.3600 25 1 -59.8200 -158.3600
-9.1480400627e-01 -1.7341893614e-01 -7.0493264548e+00
171 173 170
4 28 4 64.4200 -94.4600 30 5 75.4900 -67.2800 31 3 78.8000 -110.8900 85 2 87.5300 -84.8000
-9.2207745255e-01 -1.5325734633e-01 -7.0529788293e+00
66 65 81
7 28 15 10.0400 59.1000 27 20 52.6300 34.7400 29 13 18.4900 145.8400 30 19 24.0300 90.2100 31 16 16.3500 49.9500 86 8 76.0900 93.2500 85 11 73.3300 110.0700
-1.0636389489e+00 -4.6772048015e-02 -7.3343055097e+00
124 122 123
6 28 19 -179.3700 185.9600 31 18 -182.6500 163.0900 34 21 -150.5800 151.2700 35 25 -144.0600 101.7700 36 25 -147.2000 54.6700 87 22 -178.5000 135.6600
-9.3601399253e-01 -1.6782133264e-01 -7.0374961151e+00
177 179 178
13 28 33 -121.9600 -70.6700 29 57 -121.7600 5.4900 30 30 -109.3800 -44.5700 34 46 -70.8300 -19.0600 36 43 -72.3300 -106.8800 86 27 -77.9800 -62.3300 87 34 -83.4200 -45.1900 37 36 -67.8200 -138.1600 85 25 -100.2200 -30.5000 38 49 -83.1300 -98.6600 39 46 -72.2000 -62.7900 88 46 -86.3200 -64.6400 93 43 -84.3400 -56.8800
-9.2578547833e-01 -1.6784260331e-01 -7.0440268566e+00
75 86 108
2 28 34 -23.0400 -60.9000 27 106 11.3000 -85.1000
-9.3676819235e-01 -1.6678448815e-01 -7.0377048986e+00
46 53 59
7 28 35 -128.7300 -60.6100 27 59 -86.0200 -85.0200 29 59 -128.5900 15.9700 30 40 -116.3200 -33.7800 31 28 -121.6900 -69.3100 86 29 -85.1000 -49.9000 85 37 -107.8400 -17.7900
-9.3634326179e-01 -1.6058901951e-01 -7.0354795669e+00
151 160 163
5 28 38 -133.9900 -4.4400 29 62 -135.1800 74.0600 30 43 -121.5600 23.8300 31 42 -124.9400 -11.7500 86 34 -86.0900 18.5400
-9.2821865586e-01 -1.5204813624e-01 -7.0489752714e+00
78 76 90
3 28 46 -39.4800 71.4100 33 65 -3.3700 181.1700 86 39 21.4200 109.2700
-9.2572103994e-01 -1.6794083776e-01 -7.0443004168e+00
73 84 106
10 28 56 -22.9400 -61.5800 29 58 -21.5100 15.0800 30 60 -9.6900 -34.4000 31 52 -13.9600 -71.3600 33 57 22.1100 49.4900 34 49 27.6700 -11.9000 35 52 30.6000 -50.2800 86 46 37.6500 -52.1400 38 52 22.0000 -89.7300 93 49 45.3600 -39.3800
-9.2017071688e-01 -1.6839080543e-01 -7.0479851875e+00
77 85 107
17 28 57 24.2500 -60.2900 32 33 46.6600 -84.1000 27 83 55.6400 -83.6700 29 86 26.4800 15.7500 30 41 37.4700 -32.8500 31 36 32.3800 -69.8700 33 43 67.7600 49.5100 34 48 73.8000 -12.2200 35 44 76.0300 -50.3800 36 37 72.2900 -98.3900 86 28 90.1700 -51.0100 87 29 90.3500 -40.6000 37 39 77.9500 -128.6300 38 50 69.9100 -90.1700 39 47 78.7000 -52.2500 88 35 93.7500 -54.2800 93 30 99.6500 -34.2700
-9.3661254425e-01 -1.5100076819e-01 -7.0445667033e+00
65 65 75
4 28 60 -113.6100 82.0800 27 96 -65.9200 57.9900 29 65 -114.4400 175.0300 31 56 -107.0700 74.0800
-1.0706346898e+00 -3.9229710886e-02 -7.3290575259e+00
10 12 13
7 28 63 -192.6900 198.8200 31 58 -195.3900 176.7900 34 75 -163.7700 163.2800 35 80 -157.0800 113.1700 36 65 -159.5000 66.0800 87 65 -191.4900 147.5900 37 69 -153.5500 36.2500
-9.3666717093e-01 -1.6557261115e-01 -7.0357698968e+00
90 96 102
4 28 70 -134.0300 -52.7100 30 73 -121.7900 -26.0600 31 65 -125.4400 -60.2900 86 84 -90.7200 -40.9100
-9.2258082156e-01 -1.6014030060e-01 -7.0427439697e+00
32 30 38
12 28 75 2.6400 3.9000 27 146 41.4500 -30.9900 29 151 9.5800 78.6700 30 101 18.2300 31.6000 31 85 12.2900 -3.8400 86 94 75.9900 23.9900 23 168 66.3600 15.8900 24 157 61.5800 -8.0100 25 180 72.4700 -41.7100 26 161 68.3400 -81.0800 84 91 90.1400 16.9000 22 227 50.2800 -18.7100
-9.2826417379e-01 -1.5808823743e-01 -7.0403297789e+00
83 82 104
5 28 99 -49.2100 21.6700 29 155 -44.6500 99.3300 30 102 -35.1000 50.3900 31 86 -40.3400 14.3100 86 95 14.6000 48.4600
-9.3748608954e-01 -1.5747758285e-01 -7.0368099801e+00
99 104 108
5 28 100 -141.0700 26.8600 29 157 -143.1100 107.4700 30 103 -129.4900 56.1200 86 96 -96.0200 58.8500 85 86 -99.9500 87.8900
-9.4029174759e-01 -1.5331556619e-01 -7.0411443703e+00
86 90 93
4 28 102 -153.3200 63.9000 29 159 -158.5600 154.6800 30 104 -143.5200 96.5000 31 87 -146.2800 55.9100
-9.3540725530e-01 -1.6324476788e-01 -7.0343848554e+00
95 102 106
4 28 112 -126.9600 -31.5700 30 120 -114.4300 -4.9000 31 96 -117.7600 -38.2600 86 118 -79.8200 -16.5500
-9.3497470978e-01 -1.6307770294e-01 -7.0330333383e+00
95 102 106
3 28 113 -126.9600 -31.5700 30 121 -114.4300 -4.9000 31 97 -117.7600 -38.2600
-9.3435984222e-01 -1.6159172383e-01 -7.0335213266e+00
80 89 92
3 28 114 -120.1000 -15.6500 30 124 -106.8800 11.3500 31 98 -110.6700 -22.3300
-9.2552813777e-01 -1.5810132495e-01 -7.0422965180e+00
65 63 66
16 28 118 -23.0800 21.8200 27 148 18.0700 -11.9700 29 154 -16.9600 99.3200 30 128 -8.5400 50.4700 31 101 -14.2900 14.1200 86 124 45.0600 47.5800 23 124 47.0300 38.9200 24 167 41.8600 15.1900 25 188 53.4500 -18.5300 26 168 48.8300 -57.2700 84 96 68.4000 48.9900 85 108 36.6400 57.4900 22 171 32.8900 3.4500 19 151 49.6800 -30.8700 20 163 59.2000 -39.1900 21 170 36.7300 -35.3300
-9.2622300437e-01 -1.5804885481e-01 -7.0416960808e+00
64 62 63
13 28 119 -30.1500 22.6100 27 185 11.6500 -11.3200 29 192 -24.2400 100.2300 86 125 37.3200 48.6200 23 172 40.9200 39.6600 24 168 35.6600 15.9600 25 189 47.2700 -17.6400 26 169 42.6100 -56.3300 84 97 61.5400 50.9400 22 174 26.6700 4.1900 19 152 43.5400 -30.6100 20 164 52.8100 -39.1100 21 171 30.5800 -35.1000
-9.2503141669e-01 -1.5724951848e-01 -7.0439128776e+00
65 65 67
15 28 120 -17.7800 29.0600 27 189 23.7100 -3.5300 29 194 -11.0600 107.6900 30 129 -2.9000 57.9700 86 139 50.4700 56.3800 23 177 54.7300 49.1900 24 172 49.2700 25.2400 25 193 60.6400 -8.9200 26 174 56.1300 -47.6300 84 99 76.7900 60.1500 85 112 43.1500 66.8000 22 175 41.3400 13.5100 19 153 59.6000 -20.3300 20 168 68.8600 -28.7000 21 172 45.4200 -24.5200
-9.2503700611e-01 -1.5721217661e-01 -7.0438145123e+00
65 65 67
13 28 121 -17.7800 29.0600 27 190 23.7100 -3.5300 29 195 -11.0600 107.6900 23 178 54.7300 49.1900 24 173 49.2700 25.2400 25 194 60.6400 -8.9200 26 175 56.1300 -47.6300 84 100 76.7900 60.1500 85 113 43.1500 66.8000 22 176 41.3400 13.5100 19 154 59.6000 -20.3300 20 169 68.8600 -28.7000 21 173 45.4200 -24.5200
-9.2690318736e-01 -1.5711179901e-01 -7.0423165719e+00
66 64 65
14 28 122 -35.1900 30.6600 27 191 7.1400 -2.3600 29 158 -29.4800 109.6800 30 130 -20.9100 59.7400 31 102 -26.5000 22.9200 33 166 5.3500 147.2500 86 126 30.4300 59.1000 23 179 37.8800 50.8200 24 176 32.4900 27.0800 25 195 44.3000 -6.8200 26 176 39.5500 -45.3800 84 101 57.6500 65.3100 85 116 24.6600 71.4600 22 177 24.6400 15.0900
-9.2798911970e-01 -1.5625169417e-01 -7.0426368214e+00
63 65 69
14 28 123 -44.3900 38.5000 27 198 -1.3100 6.4400 29 200 -39.3900 119.3400 30 133 -30.5100 68.2000 31 105 -36.0700 30.8500 86 127 19.0500 69.4400 23 190 30.9600 62.3300 24 187 25.4600 38.5200 25 206 37.4200 4.4100 26 186 32.7500 -34.0600 84 107 49.7200 80.4300 22 188 18.9000 26.6500 19 161 37.6900 -8.4100 21 184 22.7700 -13.0600
-9.2731666538e-01 -1.5623179750e-01 -7.0431314991e+00
68 71 74
16 28 149 -38.1000 38.3800 27 196 4.7300 6.4400 29 198 -32.4900 118.9800 30 131 -24.0500 67.9400 31 103 -29.8000 30.6000 86 140 26.3900 68.8900 23 186 37.3000 61.9700 24 185 31.7700 38.0400 25 203 43.7400 3.8300 26 184 38.8900 -34.6400 84 105 56.9200 78.8300 85 117 22.2700 82.8200 22 186 25.0900 26.1200 19 159 44.2700 -8.6100 20 176 53.7400 -17.9200 21 182 29.2100 -12.9800
-9.2731307014e-01 -1.5622950161e-01 -7.0431250038e+00
68 71 74
15 28 150 -38.1000 38.3800 27 197 4.7300 6.4400 29 199 -32.4900 118.9800 30 132 -24.0500 67.9400 31 104 -29.8000 30.6000 23 187 37.3000 61.9700 24 186 31.7700 38.0400 25 204 43.7400 3.8300 26 185 38.8900 -34.6400 84 106 56.9200 78.8300 85 118 22.2700 82.8200 22 187 25.0900 26.1200 19 160 44.2700 -8.6100 20 177 53.7400 -17.9200 21 183 29.2100 -12.9800
-9.3440312050e-01 -1.4085481572e-01 -7.0499344622e+00
183 183 183
6 32 2 -83.5700 114.9600 35 3 -51.7700 145.9100 36 2 -54.4800 98.1600 37 2 -48.1000 66.5600 38 0 -60.5200 101.8500 39 5 -57.9800 128.5500
-9.1267206418e-01 -1.7419992237e-01 -7.0493078821e+00
179 179 178
8 32 4 108.7300 -124.4300 34 4 133.4200 -50.8600 35 5 141.4000 -92.4200 87 2 165.1000 -94.6900 38 1 141.5200 -131.1300 39 3 153.8400 -92.4600 88 3 172.0900 -103.9800 93 3 188.5900 -79.1200
-9.4657932191e-01 -1.5167836463e-01 -7.0517638927e+00
121 123 122
6 32 12 -154.5200 21.2800 33 10 -135.5400 164.8200 34 11 -127.9000 96.3800 35 11 -123.6700 55.3000 36 9 -127.9000 9.1100 37 8 -121.6700 -22.3100
-9.3488233569e-01 -1.5243252393e-01 -7.0431834162e+00
64 61 80
8 32 19 -89.7600 38.2800 31 12 -94.2500 62.4400 33 16 -65.9800 183.3100 34 19 -59.7300 114.8000 35 19 -54.3100 73.5800 36 16 -59.4800 25.3000 87 21 -67.7600 121.7700 37 21 -54.5100 -5.0100
-9.3528656295e-01 -1.6221609070e-01 -7.0331677410e+00
47 54 60
6 32 45 -110.5900 -43.7000 33 62 -85.8400 99.1300 34 67 -78.6300 37.0800 35 71 -74.6700 -1.5600 87 46 -89.5700 28.4200 37 62 -73.9100 -78.9100
-9.3607064067e-01 -1.6083053943e-01 -7.0345455908e+00
148 156 159
5 32 62 -115.3600 -30.6100 33 92 -91.1600 112.0900 34 69 -83.5700 49.1900 36 58 -84.6400 -37.7300 37 64 -78.6700 -67.4500
-9.3529400145e-01 -1.6529692708e-01 -7.0319490889e+00
112 120 125
4 32 94 -111.1000 -76.4200 33 132 -86.3600 66.4300 34 123 -79.6200 5.7900 35 121 -75.6900 -32.1800
-9.3568077369e-01 -1.6525748135e-01 -7.0332678578e+00
112 120 125
7 32 95 -111.1000 -76.4200 33 133 -86.3600 66.4300 34 124 -79.6200 5.7900 35 122 -75.6900 -32.1800 36 84 -81.4100 -80.9700 87 73 -93.4300 -12.6600 37 85 -75.9100 -111.0000
-9.3432349926e-01 -1.6165974817e-01 -7.0332947306e+00
91 100 103
7 32 114 -101.1700 -36.7600 33 163 -76.6900 105.6600 34 127 -69.4200 43.6400 35 125 -65.3300 5.3200 36 101 -70.6300 -42.8100 87 93 -76.6000 36.0800 37 102 -64.9200 -72.5900
-1.0609039391e+00 -1.7709348377e-01 -7.3113055120e+00
166 168 164
8 32 129 -166.9300 -96.1200 31 125 -185.6200 -26.1500 35 137 -140.9500 -75.0800 36 128 -148.4800 -122.7400 86 219 -168.8300 32.7000 87 116 -178.8900 -48.7900 38 131 -159.8300 -159.5700 39 107 -141.8900 -144.4200
-1.0797626692e+00 -2.2480223121e-02 -7.3565703627e+00
49 50 50
4 32 130 -182.5600 105.5600 31 108 -192.5500 185.8600 34 151 -161.2900 172.4600 87 106 -188.0300 156.8900
-1.0622229150e+00 -2.7993653263e-02 -7.3207834512e+00
95 94 90
7 32 151 -180.9500 117.2700 31 150 -190.0900 197.7400 34 152 -158.9400 184.7000 35 162 -151.9300 133.6100 36 135 -154.1800 85.4200 87 140 -185.4500 170.2300 37 139 -147.2200 55.5100
-1.0622229150e+00 -2.7993653263e-02 -7.3207834512e+00
95 94 90
7 32 152 -180.9500 117.2700 31 151 -190.0900 197.7400 34 153 -158.9400 184.7000 35 163 -151.9300 133.6100 36 136 -154.1800 85.4200 87 141 -185.4500 170.2300 37 140 -147.2200 55.5100
-9.2561583978e-01 -1.5505499051e-01 -7.0460413514e+00
33 35 51
11 27 51 20.7400 15.4300 29 49 -14.9600 127.3400 23 45 56.8000 74.0100 24 41 50.5500 49.4200 25 47 62.2500 14.4900 26 42 57.6800 -24.1000 84 29 78.2900 88.9200 22 45 45.7500 38.0000 19 33 67.8300 5.5400 20 36 77.5000 -3.2100 21 47 50.7200 1.1300
-9.3545902698e-01 -1.6468132690e-01 -7.0363630363e+00
48 54 60
4 27 62 -77.4100 -72.5100 29 61 -121.3300 32.5800 86 32 -74.8200 -29.4500 85 26 -91.2800 -2.6200
-9.3616857252e-01 -1.6038739815e-01 -7.0348216937e+00
152 160 163
3 27 86 -86.2300 -37.0500 29 91 -135.3200 74.2500 85 39 -94.9500 44.3800
-9.2900771670e-01 -1.5384678378e-01 -7.0452554068e+00
92 88 105
10 27 92 -5.1600 28.2300 29 98 -43.5900 141.8800 23 82 30.4100 91.9300 24 82 24.7600 67.2900 25 86 36.8600 32.0000 26 77 32.3900 -6.2800 22 82 20.8500 55.9800 19 52 42.4300 22.7300 20 56 52.0400 12.5500 21 63 24.9900 17.7900
-9.2501245154e-01 -1.6117996180e-01 -7.0390671088e+00
98 91 109
15 27 109 18.6500 -44.1900 29 113 -15.2600 65.6700 86 68 49.9300 10.3800 87 61 44.2400 38.6600 23 119 40.4600 1.2000 24 115 35.5900 -22.4600 25 130 47.1400 -55.1700 26 125 42.6000 -94.8500 84 68 60.4100 2.8000 85 49 34.9500 17.1100 22 122 23.0100 -32.9400 38 78 16.9600 -19.5700 39 72 23.2400 17.7700 88 65 39.3000 30.7000 93 61 34.9500 50.5900
-9.2910643219e-01 -1.5642872708e-01 -7.0412010821e+00
80 82 108
12 27 113 -12.2000 5.5300 29 117 -51.3100 118.8200 30 76 -41.9900 67.8200 86 97 5.7300 69.4600 23 130 19.3200 60.7600 24 95 13.5300 37.3600 25 106 25.8600 3.6100 26 132 21.2700 -35.0400 22 103 6.7200 25.3200 19 84 25.1900 -10.7000 20 95 35.0400 -20.5300 21 105 10.5100 -15.2600
-9.2830698668e-01 -1.6090974975e-01 -7.0361325761e+00
98 94 111
6 27 143 -13.6200 -43.4900 31 82 -45.6800 -12.8200 33 138 -12.2000 115.1300 23 166 8.1100 2.3800 25 176 15.2100 -52.9500 26 158 10.1800 -92.2400
-9.3530776069e-01 -1.6276322142e-01 -7.0352385710e+00
154 159 163
3 27 174 -79.9800 -59.4100 29 145 -122.1900 50.5400 85 79 -88.9600 15.0300
-9.2475017148e-01 -1.5628529587e-01 -7.0450334841e+00
62 66 69
11 27 195 27.8800 4.0500 29 196 -6.3800 115.1900 23 184 60.3200 59.1200 24 230 55.1100 34.7300 25 198 66.0700 0.2700 26 236 61.8500 -38.4100 84 146 83.2100 70.5400 22 183 47.7200 23.4100 19 112 66.3100 -9.3600 20 173 76.1800 -17.8000 21 179 51.5300 -13.6300
-9.3927037021e-01 -1.5313628253e-01 -7.0395736307e+00
138 144 148
2 27 206 -98.6600 37.8300 29 202 -153.7400 156.1400
-1.0190034898e+00 -1.5946894185e-01 -7.2163792708e+00
55 57 54
3 27 238 -144.9200 72.9500 86 166 -166.8500 60.6700 87 117 -177.3800 -19.6700
-9.3512535874e-01 -1.5891409155e-01 -7.0338609909e+00
43 51 54
2 29 47 -127.1300 88.3300 86 20 -77.1500 38.6800
-9.2440985010e-01 -1.6822253075e-01 -7.0459114237e+00
81 89 110
7 29 83 -8.8300 14.8300 30 59 2.3000 -34.1700 31 51 -2.1600 -71.5100 33 90 34.1200 47.8900 35 68 42.4400 -52.0600 36 55 38.3700 -100.0200 38 60 33.7000 -91.3400
-9.1936559713e-01 -1.6198514128e-01 -7.0454851023e+00
93 90 109
5 29 189 37.9200 64.0100 30 125 46.7300 17.9300 24 211 83.8500 -23.4800 25 242 94.9000 -57.4700 26 218 91.2200 -97.5400
-9.3336138964e-01 -1.6737614259e-01 -7.0390549507e+00
72 78 100
2 31 63 -86.8900 -73.7800 86 80 -45.2700 -54.9700
-9.2176327742e-01 -1.5378833185e-01 -7.0509640199e+00
68 65 82
6 33 22 49.9300 168.5500 34 27 51.8600 101.3700 35 34 54.1700 60.2600 36 28 48.2900 13.1300 87 31 66.4600 94.9400 38 46 40.0600 20.1000
-9.3475460971e-01 -1.6294525906e-01 -7.0331099252e+00
107 114 120
6 33 160 -80.1600 91.3800 34 125 -73.0900 30.1600 35 123 -68.9600 -8.0100 36 99 -74.3600 -56.2100 87 91 -82.4600 19.1000 37 100 -68.7200 -86.0600
-9.3475460971e-01 -1.6294525906e-01 -7.0331099252e+00
107 114 120
6 33 162 -80.1600 91.3800 34 126 -73.0900 30.1600 35 124 -68.9600 -8.0100 36 100 -74.3600 -56.2100 87 92 -82.4600 19.1000 37 101 -68.7200 -86.0600
-9.3701122349e-01 -1.6047000893e-01 -7.0382774302e+00
154 159 163
2 35 72 -79.3500 10.1900 87 37 -96.0400 40.4800
-9.0554037896e-01 -1.6710757894e-01 -7.0440045897e+00
132 132 132
5 27 4 179.2600 -94.3100 23 5 186.1300 -82.0900 24 3 183.7800 -103.3700 25 7 194.9600 -135.7100 22 4 156.2500 -121.7000
-9.3910808926e-01 -1.5190585205e-01 -7.0439120938e+00
66 73 76
8 27 37 -88.1800 51.6300 23 30 -53.3200 134.5000 24 18 -58.3600 108.2600 25 32 -42.9800 71.7400 26 25 -47.3900 34.1700 84 19 -55.4600 179.6900 85 13 -91.3300 159.3700 22 26 -55.0700 98.6600
-9.3640410461e-01 -1.6068700876e-01 -7.0360429263e+00
152 160 163
2 27 87 -86.2300 -37.0500 85 40 -94.9500 44.3800
-9.3667568173e-01 -1.6492237041e-01 -7.0362466352e+00
106 113 119
2 27 137 -88.5800 -74.4500 85 76 -105.5900 -1.6400
-9.3667568173e-01 -1.6492237041e-01 -7.0362466352e+00
106 113 119
2 27 138 -88.5800 -74.4500 85 77 -105.5900 -1.6400
-9.3764027111e-01 -1.6630479138e-01 -7.0374726266e+00
131 135 138
2 27 169 -94.0100 -81.1700 85 74 -115.1200 -10.5500
-9.3764027111e-01 -1.6630479138e-01 -7.0374726266e+00
131 135 138
2 27 170 -94.0100 -81.1700 85 75 -115.1200 -10.5500
-9.3638652808e-01 -1.5933896195e-01 -7.0375852183e+00
94 101 107
2 27 180 -81.8700 -21.9500 85 110 -88.2900 63.1200
-9.2688372491e-01 -1.5725978184e-01 -7.0424596571e+00
69 69 70
8 27 192 7.1400 -2.3600 23 180 37.8800 50.8200 25 196 44.3000 -6.8200 26 177 39.5500 -45.3800 22 178 24.6400 15.0900 19 156 42.6600 -19.9100 20 171 52.0100 -28.8400 21 175 28.6100 -24.2900
-9.4063153370e-01 -1.5305844945e-01 -7.0434800593e+00
135 139 142
6 27 237 -100.1100 44.2500 23 199 -71.0600 124.8800 24 193 -76.0300 99.9300 25 216 -59.4200 63.8900 26 194 -63.9500 26.5500 84 161 -75.1200 171.2600
-1.1417228883e+00 -2.2125507326e-01 -7.3729248377e+00
52 53 56
4 27 295 -209.3200 20.8800 29 295 -251.1400 68.7000 84 282 -248.7300 226.1400 85 175 -274.9300 107.3400
-9.2539860007e-01 -1.5621741998e-01 -7.0446901304e+00
66 67 72
8 29 197 -13.0600 116.4400 23 185 54.7900 60.1900 24 181 49.0000 36.0400 25 200 60.6100 1.4800 26 181 56.3600 -37.1300 22 184 42.3100 24.3300 20 174 71.4500 -17.7500 21 180 46.7200 -13.3400
-9.3757332156e-01 -1.5467679343e-01 -7.0382280911e+00
84 87 92
2 29 201 -139.7500 139.2800 85 120 -91.6000 123.1500
-9.3713045419e-01 -1.6512300833e-01 -7.0395010555e+00
48 55 61
2 31 9 -120.9800 -52.7700 85 5 -101.6100 6.4600
-9.0494105536e-01 -1.6801867447e-01 -7.0457654311e+00
132 132 132
4 23 6 186.1300 -82.0900 24 4 183.7800 -103.3700 25 8 194.9600 -135.7100 22 5 156.2500 -121.7000
-9.1748431507e-01 -1.6982157696e-01 -7.0557824385e+00
163 164 166
5 23 18 82.1900 -27.9100 24 20 79.2600 -52.5300 25 24 90.6500 -87.5300 26 18 87.3300 -128.7000 22 32 65.2200 -56.9300
-9.3793145021e-01 -1.6463099432e-01 -7.0370453937e+00
67 78 82
4 23 24 -83.9200 4.8600 25 27 -74.7100 -53.4800 26 11 -81.6000 -92.0600 84 17 -102.7400 7.2900
-9.4301391062e-01 -1.5249950703e-01 -7.0463112265e+00
179 183 184
4 23 31 -79.3300 143.6200 24 26 -85.7100 116.2100 25 33 -67.8400 79.3000 84 13 -94.5000 184.2200
-9.2699122371e-01 -1.5352327773e-01 -7.0460044508e+00
99 95 110
8 23 81 48.5500 89.2300 24 81 42.6700 64.4300 25 85 54.0600 28.9900 26 76 49.5800 -9.3300 22 81 38.5400 53.1700 19 51 61.9400 20.8400 20 55 71.3000 11.5100 21 62 44.0300 16.1700
-9.4048007255e-01 -1.5270136122e-01 -7.0397231704e+00
79 85 88
4 23 105 -78.1800 127.6100 24 101 -83.9800 100.0400 25 146 -65.9200 65.2200 84 46 -85.1200 165.8000
-9.3650977415e-01 -1.5009550452e-01 -7.0412141234e+00
70 68 82
5 23 135 -33.0700 142.2100 24 104 -37.1300 115.1800 25 220 -23.9400 79.3000 26 196 -28.3500 41.2900 22 138 -38.6400 108.0900
-9.3838206072e-01 -1.5022361332e-01 -7.0393090653e+00
85 86 89
5 23 136 -55.7400 144.2900 24 196 -61.4200 118.5900 25 221 -44.6800 81.3500 26 197 -49.0800 43.5500 22 202 -59.4800 111.1700
-9.2689727926e-01 -1.5710469066e-01 -7.0421440970e+00
66 66 68
5 23 181 37.8800 50.8200 24 177 32.4900 27.0800 25 197 44.3000 -6.8200 26 178 39.5500 -45.3800 22 179 24.6400 15.0900
-9.2444127667e-01 -1.5524687936e-01 -7.0429853209e+00
30 28 39
6 23 189 65.1400 62.0100 24 184 59.5400 37.6500 25 202 70.7200 3.2100 26 183 66.2100 -35.3800 22 185 52.8300 26.0800 21 186 57.2700 -10.5600
-9.2861678679e-01 -1.5620695368e-01 -7.0430309297e+00
22 22 32
9 23 191 25.8500 65.9300 24 188 20.2600 41.8600 25 208 32.4900 7.8500 26 187 27.7500 -30.7700 84 108 43.4100 85.1900 22 189 14.0700 30.2600 19 162 33.2900 -4.3200 20 178 43.0600 -13.8000 21 187 18.0500 -9.5400
-9.4112284797e-01 -1.6474552493e-01 -7.0155101415e+00
32 34 33
3 23 213 -226.4600 -78.8000 24 204 -235.7000 -120.4400 84 168 -296.7800 -155.3800
-9.4112284797e-01 -1.6474552493e-01 -7.0155101415e+00
32 34 33
3 23 214 -226.4600 -78.8000 24 205 -235.7000 -120.4400 84 169 -296.7800 -155.3800
-9.3565164417e-01 -1.6488456288e-01 -7.0427460956e+00
38 46 49
4 24 71 -59.0300 -15.3700 25 79 -44.9200 -46.2200 26 67 -50.9800 -84.8400 84 26 -56.0400 25.9700
-9.4171585726e-01 -1.6493589243e-01 -7.0163918265e+00
15 17 15
3 24 142 -236.4500 -106.4300 25 163 -229.8900 -149.5000 84 171 -294.9600 -141.5400
-9.2547865956e-01 -1.5636879183e-01 -7.0427785222e+00
21 22 24
4 24 179 47.5100 30.8500 26 180 53.8900 -42.0000 84 102 75.1700 67.1300 22 181 39.4700 19.1300
-9.4185929447e-01 -1.6580324469e-01 -7.0164860806e+00
5 7 4
3 24 206 -238.2700 -116.5100 26 213 -241.8800 -200.6800 84 170 -298.4400 -151.7600
-9.4061114803e-01 -1.5839682758e-01 -7.0484335398e+00
99 108 113
4 24 233 -73.9000 60.2800 25 265 -58.2400 26.6300 26 239 -63.2700 -10.9000 84 154 -74.0100 123.3200
-9.3682909753e-01 -1.5208531506e-01 -7.0098927559e+00
108 110 107
4 24 277 -206.8900 17.4900 25 306 -194.3100 -24.5600 84 220 -254.5300 -11.1600 21 297 -198.9300 140.3400
-9.4209072963e-01 -1.6623325228e-01 -7.0162484146e+00
30 32 29
2 24 302 -243.7300 -124.6600 84 209 -305.7800 -159.9100
-9.3532798809e-01 -1.4858673650e-01 -7.0066413291e+00
3 5 2
